Platform Panic;14;0,0025576;4,816091;-51,19178;29,95507
Platform Panic;14;0,0051152;-36,23328;24,45;47,92156
Platform Panic;14;0,0251152;-36,23328;24,44669;47,92156
Platform Panic;14;0,0366795;-36,23328;24,44279;47,92156
Platform Panic;14;0,0390987;-36,23328;24,44279;47,92156
Platform Panic;14;0,0410274;-36,23328;24,44279;47,92156
Platform Panic;14;0,0428581;-36,23328;24,44279;47,92156
Platform Panic;14;0,0446904;-36,23328;24,44279;47,92156
Platform Panic;14;0,0465491;-36,23328;24,44279;47,92156
Platform Panic;14;0,0484192;-36,23328;24,43818;47,92156
Platform Panic;14;0,0505584;-36,23328;24,43818;47,92156
Platform Panic;14;0,052821;-36,23328;24,43818;47,92156
Platform Panic;14;0,0549644;-36,23328;24,43818;47,92156
Platform Panic;14;0,0569571;-36,23328;24,43818;47,92156
Platform Panic;14;0,0587819;-36,23328;24,43818;47,92156
Platform Panic;14;0,0606068;-36,23328;24,43818;47,92156
Platform Panic;14;0,06254949;-36,23328;24,43818;47,92156
Platform Panic;14;0,0654285;-36,23328;24,43818;47,92156
Platform Panic;14;0,0678712;-36,23328;24,43818;47,92156
Platform Panic;14;0,0701392;-36,23328;24,42519;47,92156
Platform Panic;14;0,0725798;-36,23328;24,42519;47,92156
Platform Panic;14;0,0745741;-36,23328;24,42519;47,92156
Platform Panic;14;0,0765863;-36,23328;24,42519;47,92156
Platform Panic;14;0,0784743;-36,23328;24,42519;47,92156
Platform Panic;14;0,0803515;-36,23328;24,42519;47,92156
Platform Panic;14;0,0822912;-36,23328;24,42519;47,92156
Platform Panic;14;0,0841334;-36,23328;24,42519;47,92156
Platform Panic;14;0,0860096;-36,23328;24,42519;47,92156
Platform Panic;14;0,087824;-36,23328;24,42519;47,92156
Platform Panic;14;0,0896708;-36,23328;24,40983;47,92156
Platform Panic;14;0,0919274;-36,23328;24,40983;47,92156
Platform Panic;14;0,0937907;-36,23328;24,40983;47,92156
Platform Panic;14;0,09595151;-36,23328;24,40983;47,92156
Platform Panic;14;0,09892181;-36,23328;24,40983;47,92156
Platform Panic;14;0,1009641;-36,23328;24,40983;47,92156
Platform Panic;14;0,1030924;-36,23328;24,40983;47,92156
Platform Panic;14;0,1049821;-36,23328;24,40983;47,92156
Platform Panic;14;0,106844;-36,23328;24,40983;47,92156
Platform Panic;14;0,1086942;-36,23328;24,39143;47,92156
Platform Panic;14;0,110816;-36,23328;24,39143;47,92156
Platform Panic;14;0,1126199;-36,23328;24,39143;47,92156
Platform Panic;14;0,1144885;-36,23328;24,39143;47,92156
Platform Panic;14;0,1163583;-36,23328;24,39143;47,92156
Platform Panic;14;0,1182143;-36,23328;24,39143;47,92156
Platform Panic;14;0,1200209;-36,23328;24,39143;47,92156
Platform Panic;14;0,1218772;-36,23328;24,39143;47,92156
Platform Panic;14;0,1236538;-36,23328;24,39143;47,92156
Platform Panic;14;0,1254989;-36,23328;24,39143;47,92156
Platform Panic;14;0,1280085;-36,23328;24,39143;47,92156
Platform Panic;14;0,1306213;-36,23328;24,36576;47,92156
Platform Panic;14;0,1334586;-36,23328;24,36576;47,92156
Platform Panic;14;0,1357362;-36,23328;24,36576;47,92156
Platform Panic;14;0,1388053;-36,23328;24,36576;47,92156
Platform Panic;14;0,1414512;-36,23328;24,36576;47,92156
Platform Panic;14;0,1432549;-36,23328;24,36576;47,92156
Platform Panic;14;0,1453823;-36,23328;24,36576;47,92156
Platform Panic;14;0,1477442;-36,23328;24,36576;47,92156
Platform Panic;14;0,149639;-36,23328;24,34004;47,92156
Platform Panic;14;0,1522422;-36,23328;24,34004;47,92156
Platform Panic;14;0,1540709;-36,23328;24,34004;47,92156
Platform Panic;14;0,1559435;-36,23328;24,34004;47,92156
Platform Panic;14;0,1579377;-36,23328;24,34004;47,92156
Platform Panic;14;0,1604904;-36,23328;24,34004;47,92156
Platform Panic;14;0,1626406;-36,23328;24,34004;47,92156
Platform Panic;14;0,1645281;-36,23328;24,34004;47,92156
Platform Panic;14;0,1664524;-36,23328;24,34004;47,92156
Platform Panic;14;0,1685635;-36,23328;24,31114;47,92156
Platform Panic;14;0,1709361;-36,23328;24,31114;47,92156
Platform Panic;14;0,1730545;-36,23328;24,31114;47,92156
Platform Panic;14;0,175204;-36,23328;24,31114;47,92156
Platform Panic;14;0,1773779;-36,23328;24,31114;47,92156
Platform Panic;14;0,1819895;-36,23328;24,31114;47,92156
Platform Panic;14;0,1838825;-36,23328;24,31114;47,92156
Platform Panic;14;0,1857346;-36,23328;24,31114;47,92156
Platform Panic;14;0,1879507;-36,23328;24,31114;47,92156
Platform Panic;14;0,1904129;-36,23328;24,2734;47,92156
Platform Panic;14;0,1927689;-36,23328;24,2734;47,92156
Platform Panic;14;0,1947581;-36,23328;24,2734;47,92156
Platform Panic;14;0,1967035;-36,23328;24,2734;47,92156
Platform Panic;14;0,1988262;-36,23328;24,2734;47,92156
Platform Panic;14;0,2010264;-36,23328;24,2734;47,92156
Platform Panic;14;0,2036907;-36,23328;24,2734;47,92156
Platform Panic;14;0,2064581;-36,23328;24,2734;47,92156
Platform Panic;14;0,2086118;-36,23328;24,23888;47,92156
Platform Panic;14;0,2110355;-36,23328;24,23888;47,92156
Platform Panic;14;0,2132645;-36,23328;24,23888;47,92156
Platform Panic;14;0,2156107;-36,23328;24,23888;47,92156
Platform Panic;14;0,2176111;-36,23328;24,23888;47,92156
Platform Panic;14;0,2194608;-36,23328;24,23888;47,92156
Platform Panic;14;0,2215836;-36,23328;24,23888;47,92156
Platform Panic;14;0,2242233;-36,23328;24,23888;47,92156
Platform Panic;14;0,2263016;-36,23328;24,23888;47,92156
Platform Panic;14;0,2282832;-36,23328;24,19805;47,92156
Platform Panic;14;0,230916;-36,23328;24,19805;47,92156
Platform Panic;14;0,2331791;-36,23328;24,19805;47,92156
Platform Panic;14;0,2351393;-36,23328;24,19805;47,92156
Platform Panic;14;0,2370397;-36,23328;24,19805;47,92156
Platform Panic;14;0,2389172;-36,23328;24,19805;47,92156
Platform Panic;14;0,2407748;-36,23328;24,19805;47,92156
Platform Panic;14;0,2430509;-36,23328;24,19805;47,92156
Platform Panic;14;0,2448984;-36,23328;24,19805;47,92156
Platform Panic;14;0,2468175;-36,23328;24,19805;47,92156
Platform Panic;14;0,2487626;-36,23328;24,15175;47,92156
Platform Panic;14;0,2509218;-36,23328;24,15175;47,92156
Platform Panic;14;0,2529165;-36,23328;24,15175;47,92156
Platform Panic;14;0,2552822;-36,23328;24,15175;47,92156
Platform Panic;14;0,2583822;-36,23328;24,15175;47,92156
Platform Panic;14;0,2606042;-36,23328;24,15175;47,92156
Platform Panic;14;0,2625898;-36,23328;24,15175;47,92156
Platform Panic;14;0,2646285;-36,23328;24,15175;47,92156
Platform Panic;14;0,2665837;-36,23328;24,15175;47,92156
Platform Panic;14;0,2684511;-36,23328;24,10374;47,92156
Platform Panic;14;0,2705272;-36,23328;24,10374;47,92156
Platform Panic;14;0,2723693;-36,23328;24,10374;47,92156
Platform Panic;14;0,2742433;-36,23328;24,10374;47,92156
Platform Panic;14;0,2762855;-36,23328;24,10374;47,92156
Platform Panic;14;0,2782475;-36,23328;24,10374;47,92156
Platform Panic;14;0,2800741;-36,23328;24,10374;47,92156
Platform Panic;14;0,2818527;-36,23328;24,10374;47,92156
Platform Panic;14;0,2837179;-36,23328;24,10374;47,92156
Platform Panic;14;0,2859035;-36,23328;24,10374;47,92156
Platform Panic;14;0,2884401;-36,23328;24,05143;47,92156
Platform Panic;14;0,2912172;-36,23328;24,05143;47,92156
Platform Panic;14;0,2932296;-36,23328;24,05143;47,92156
Platform Panic;14;0,2951728;-36,23328;24,05143;47,92156
Platform Panic;14;0,2970352;-36,23328;24,05143;47,92156
Platform Panic;14;0,2991472;-36,23328;24,05143;47,92156
Platform Panic;14;0,3013071;-36,23328;24,05143;47,92156
Platform Panic;14;0,3032311;-36,23328;24,05143;47,92156
Platform Panic;14;0,3052791;-36,23328;24,05143;47,92156
Platform Panic;14;0,3071306;-36,23328;24,05143;47,92156
Platform Panic;14;0,3089869;-36,23328;23,99392;47,92156
Platform Panic;14;0,3110484;-36,23328;23,99392;47,92156
Platform Panic;14;0,3128692;-36,23328;23,99392;47,92156
Platform Panic;14;0,3146769;-36,23328;23,99392;47,92156
Platform Panic;14;0,3164712;-36,23328;23,99392;47,92156
Platform Panic;14;0,3182274;-36,23328;23,99392;47,92156
Platform Panic;14;0,3203932;-36,23328;23,99392;47,92156
Platform Panic;14;0,3230781;-36,23328;23,99392;47,92156
Platform Panic;14;0,3258533;-36,23328;23,99392;47,92156
Platform Panic;14;0,3280165;-36,23328;23,99392;47,92156
Platform Panic;14;0,3300003;-36,23328;23,93121;47,92156
Platform Panic;14;0,332068;-36,23328;23,93121;47,92156
Platform Panic;14;0,3339309;-36,23328;23,93121;47,92156
Platform Panic;14;0,3357697;-36,23328;23,93121;47,92156
Platform Panic;14;0,3377179;-36,23328;23,93121;47,92156
Platform Panic;14;0,3395386;-36,23328;23,93121;47,92156
Platform Panic;14;0,3413551;-36,23328;23,93121;47,92156
Platform Panic;14;0,3431747;-36,23328;23,93121;47,92156
Platform Panic;14;0,3450008;-36,23328;23,93121;47,92156
Platform Panic;14;0,3469409;-36,23328;23,93121;47,92156
Platform Panic;14;0,3489438;-36,23328;23,87152;47,92157
Platform Panic;14;0,351684;-36,23328;23,87152;47,92157
Platform Panic;14;0,3557772;-36,23328;23,87152;47,92157
Platform Panic;14;0,3580897;-36,23328;23,87152;47,92157
Platform Panic;14;0,360083;-36,23328;23,87152;47,92157
Platform Panic;14;0,3619844;-36,23328;23,87152;47,92157
Platform Panic;14;0,3639167;-36,23328;23,87152;47,92157
Platform Panic;14;0,3657443;-36,23328;23,87152;47,92157
Platform Panic;14;0,3698647;-36,23328;23,80181;47,92156
Platform Panic;14;0,3720394;-36,23328;23,80181;47,92156
Platform Panic;14;0,3739257;-36,23328;23,80181;47,92156
Platform Panic;14;0,3758745;-36,23328;23,80181;47,92156
Platform Panic;14;0,3778246;-36,23328;23,80181;47,92156
Platform Panic;14;0,3796345;-36,23328;23,80181;47,92156
Platform Panic;14;0,3814247;-36,23328;23,80181;47,92156
Platform Panic;14;0,3831641;-36,23328;23,80181;47,92156
Platform Panic;14;0,3851947;-36,23328;23,80181;47,92156
Platform Panic;14;0,3876784;-36,23328;23,80181;47,92156
Platform Panic;14;0,3897383;-36,23328;23,73216;47,92156
Platform Panic;14;0,3919033;-36,23328;23,73216;47,92156
Platform Panic;14;0,3937683;-36,23328;23,73216;47,92156
Platform Panic;14;0,3957594;-36,23328;23,73216;47,92156
Platform Panic;14;0,397804;-36,23328;23,73216;47,92156
Platform Panic;14;0,3997661;-36,23328;23,73216;47,92156
Platform Panic;14;0,4018948;-36,23328;23,73216;47,92156
Platform Panic;14;0,4037186;-36,23328;23,73216;47,92156
Platform Panic;14;0,4056422;-36,23328;23,73216;47,92156
Platform Panic;14;0,4073875;-36,23328;23,73216;47,92156
Platform Panic;14;0,4091811;-36,23328;23,66076;47,92156
Platform Panic;14;0,4111374;-36,23328;23,66076;47,92156
Platform Panic;14;0,4129579;-36,23328;23,66076;47,92156
Platform Panic;14;0,4147707;-36,23328;23,66076;47,92156
Platform Panic;14;0,4167085;-36,23328;23,66076;47,92156
Platform Panic;14;0,4193613;-36,23328;23,66076;47,92156
Platform Panic;14;0,42189;-36,23328;23,66076;47,92156
Platform Panic;14;0,4244302;-36,23328;23,66076;47,92156
Platform Panic;14;0,4270841;-36,23328;23,66076;47,92156
Platform Panic;14;0,4294147;-36,23328;23,58298;47,92156
Platform Panic;14;0,4319467;-36,23328;23,58298;47,92156
Platform Panic;14;0,434057;-36,23328;23,58298;47,92156
Platform Panic;14;0,4360907;-36,23328;23,58298;47,92156
Platform Panic;14;0,4382996;-36,23328;23,58298;47,92156
Platform Panic;14;0,4400984;-36,23328;23,58298;47,92156
Platform Panic;14;0,4418725;-36,23328;23,58298;47,92156
Platform Panic;14;0,4439643;-36,23328;23,58298;47,92156
Platform Panic;14;0,4458385;-36,23328;23,58298;47,92156
Platform Panic;14;0,4477257;-36,23328;23,58298;47,92156
Platform Panic;14;0,4499205;-36,23328;23,5006;47,92156
Platform Panic;14;0,4531132;-36,23328;23,5006;47,92156
Platform Panic;14;0,4554012;-36,23328;23,5006;47,92156
Platform Panic;14;0,4576147;-36,23328;23,5006;47,92156
Platform Panic;14;0,4597414;-36,23328;23,5006;47,92156
Platform Panic;14;0,4618362;-36,23328;23,5006;47,92156
Platform Panic;14;0,4639826;-36,23328;23,5006;47,92156
Platform Panic;14;0,4661449;-36,23328;23,5006;47,92156
Platform Panic;14;0,4684527;-36,23328;23,42323;47,92156
Platform Panic;14;0,4707685;-36,23328;23,42323;47,92156
Platform Panic;14;0,4727961;-36,23328;23,42323;47,92156
Platform Panic;14;0,4748279;-36,23328;23,42323;47,92156
Platform Panic;14;0,4766821;-36,23328;23,42323;47,92156
Platform Panic;14;0,478569;-36,23328;23,42323;47,92156
Platform Panic;14;0,4803522;-36,23328;23,42323;47,92156
Platform Panic;14;0,4824746;-36,23328;23,42323;47,92156
Platform Panic;14;0,4849851;-36,23328;23,42323;47,92156
Platform Panic;14;0,4873604;-36,23328;23,42323;47,92156
Platform Panic;14;0,4899999;-36,23328;23,32943;47,92156
Platform Panic;14;0,4922464;-36,23328;23,32943;47,92156
Platform Panic;14;0,4946606;-36,23328;23,32943;47,92156
Platform Panic;14;0,4968387;-36,23328;23,32943;47,92156
Platform Panic;14;0,4989388;-36,23328;23,32943;47,92156
Platform Panic;14;0,5008957;-36,23328;23,32943;47,92156
Platform Panic;14;0,5027984;-36,23328;23,32943;47,92156
Platform Panic;14;0,5050507;-36,23328;23,32943;47,92156
Platform Panic;14;0,5071394;-36,23328;23,32943;47,92156
Platform Panic;14;0,5092143;-36,23328;23,24269;47,92156
Platform Panic;14;0,5112807;-36,23328;23,24269;47,92156
Platform Panic;14;0,5130799;-36,23328;23,24269;47,92156
Platform Panic;14;0,5152695;-36,23328;23,24269;47,92156
Platform Panic;14;0,5178215;-36,23328;23,24269;47,92156
Platform Panic;14;0,5197621;-36,23328;23,24269;47,92156
Platform Panic;14;0,5219229;-36,23328;23,24269;47,92156
Platform Panic;14;0,523959;-36,23328;23,24269;47,92156
Platform Panic;14;0,525856;-36,23328;23,24269;47,92156
Platform Panic;14;0,5279267;-36,23328;23,24269;47,92156
Platform Panic;14;0,5298518;-36,23328;23,14602;47,92156
Platform Panic;14;0,5318766;-36,23328;23,14602;47,92156
Platform Panic;14;0,5337029;-36,23328;23,14602;47,92156
Platform Panic;14;0,5355879;-36,23328;23,14602;47,92156
Platform Panic;14;0,5373701;-36,23328;23,14602;47,92156
Platform Panic;14;0,5391388;-36,23328;23,14602;47,92156
Platform Panic;14;0,5409136;-36,23328;23,14602;47,92156
Platform Panic;14;0,5426611;-36,23328;23,14602;47,92156
Platform Panic;14;0,5444589;-36,23328;23,14602;47,92156
Platform Panic;14;0,546334;-36,23328;23,14602;47,92156
Platform Panic;14;0,5490661;-36,23328;23,05298;47,92156
Platform Panic;14;0,5513948;-36,23328;23,05298;47,92156
Platform Panic;14;0,5534092;-36,23328;23,05298;47,92156
Platform Panic;14;0,5577307;-36,23328;23,05298;47,92156
Platform Panic;14;0,5597037;-36,23328;23,05298;47,92156
Platform Panic;14;0,5616426;-36,23328;23,05298;47,92156
Platform Panic;14;0,5634945;-36,23328;23,05298;47,92156
Platform Panic;14;0,5653196;-36,23328;23,05298;47,92156
Platform Panic;14;0,5671622;-36,23328;23,05298;47,92156
Platform Panic;14;0,569184;-36,23328;22,95227;47,92156
Platform Panic;14;0,5713676;-36,23328;22,95227;47,92156
Platform Panic;14;0,5731691;-36,23328;22,95227;47,92156
Platform Panic;14;0,5749481;-36,23328;22,95227;47,92156
Platform Panic;14;0,5766999;-36,23328;22,95227;47,92156
Platform Panic;14;0,5787009;-36,23328;22,95227;47,92156
Platform Panic;14;0,581062;-36,23328;22,95227;47,92156
Platform Panic;14;0,583548;-36,23328;22,95227;47,92156
Platform Panic;14;0,5855041;-36,23328;22,95227;47,92156
Platform Panic;14;0,5874478;-36,23328;22,95227;47,92156
Platform Panic;14;0,5893561;-36,23328;22,848;47,92156
Platform Panic;14;0,5919349;-36,23328;22,848;47,92156
Platform Panic;14;0,5939158;-36,23328;22,848;47,92156
Platform Panic;14;0,5957795;-36,23328;22,848;47,92156
Platform Panic;14;0,5980529;-36,23328;22,848;47,92156
Platform Panic;14;0,6004574;-36,23328;22,848;47,92156
Platform Panic;14;0,6022685;-36,23328;22,848;47,92156
Platform Panic;14;0,6040695;-36,23328;22,848;47,92156
Platform Panic;14;0,605885;-36,23328;22,848;47,92156
Platform Panic;14;0,6077217;-36,23328;22,848;47,92156
Platform Panic;14;0,609651;-36,23328;22,73978;47,92156
Platform Panic;14;0,6117224;-36,23328;22,73978;47,92156
Platform Panic;14;0,6143851;-36,23328;22,73978;47,92156
Platform Panic;14;0,6168063;-36,23328;22,73978;47,92156
Platform Panic;14;0,6189321;-36,23328;22,73978;47,92156
Platform Panic;14;0,6208526;-36,23328;22,73978;47,92156
Platform Panic;14;0,6227396;-36,23328;22,73978;47,92156
Platform Panic;14;0,6250445;-36,23328;22,73978;47,92156
Platform Panic;14;0,6269231;-36,23328;22,73978;47,92156
Platform Panic;14;0,6287914;-36,23328;22,63479;47,92156
Platform Panic;14;0,630867;-36,23328;22,63479;47,92156
Platform Panic;14;0,6331949;-36,23328;22,63479;47,92156
Platform Panic;14;0,6349819;-36,23328;22,63479;47,92156
Platform Panic;14;0,6367483;-36,23328;22,63479;47,92156
Platform Panic;14;0,6385846;-36,23328;22,63479;47,92156
Platform Panic;14;0,6407075;-36,23328;22,63479;47,92156
Platform Panic;14;0,6426611;-36,23328;22,63479;47,92156
Platform Panic;14;0,6447682;-36,23328;22,63479;47,92156
Platform Panic;14;0,6477559;-36,23328;22,63479;47,92156
Platform Panic;14;0,6502762;-36,23328;22,51331;47,92156
Platform Panic;14;0,6524155;-36,23328;22,51331;47,92156
Platform Panic;14;0,6543199;-36,23328;22,51331;47,92156
Platform Panic;14;0,6567065;-36,23328;22,51331;47,92156
Platform Panic;14;0,6585606;-36,23328;22,51331;47,92156
Platform Panic;14;0,660382;-36,23328;22,51331;47,92156
Platform Panic;14;0,6621695;-36,23328;22,51331;47,92156
Platform Panic;14;0,6642903;-36,23328;22,51331;47,92156
Platform Panic;14;0,6661874;-36,23328;22,51331;47,92156
Platform Panic;14;0,6680966;-36,23328;22,51331;47,92156
Platform Panic;14;0,6702838;-36,23328;22,397;47,92156
Platform Panic;14;0,673428;-36,23328;22,397;47,92156
Platform Panic;14;0,676043;-36,23328;22,397;47,92156
Platform Panic;14;0,6786298;-36,23328;22,397;47,92156
Platform Panic;14;0,6814511;-36,23328;22,397;47,92156
Platform Panic;14;0,6836425;-36,23328;22,397;47,92156
Platform Panic;14;0,6857515;-36,23328;22,397;47,92156
Platform Panic;14;0,6885936;-36,23328;22,28793;47,92156
Platform Panic;14;0,6910668;-36,23328;22,28793;47,92156
Platform Panic;14;0,6930054;-36,23328;22,28793;47,92156
Platform Panic;14;0,6949111;-36,23328;22,28793;47,92156
Platform Panic;14;0,6971199;-36,23328;22,28793;47,92156
Platform Panic;14;0,6992398;-36,23328;22,28793;47,92156
Platform Panic;14;0,7012268;-36,23328;22,28793;47,92156
Platform Panic;14;0,703329;-36,23328;22,28793;47,92156
Platform Panic;14;0,7060086;-36,23328;22,28793;47,92156
Platform Panic;14;0,7084228;-36,23328;22,16675;47,92156
Platform Panic;14;0,7116936;-36,23328;22,16675;47,92156
Platform Panic;14;0,7146854;-36,23328;22,16675;47,92156
Platform Panic;14;0,71759;-36,23328;22,16675;47,92156
Platform Panic;14;0,7201953;-36,23328;22,16675;47,92156
Platform Panic;14;0,7222238;-36,23328;22,16675;47,92156
Platform Panic;14;0,7241202;-36,23328;22,16675;47,92156
Platform Panic;14;0,7259522;-36,23328;22,16675;47,92156
Platform Panic;14;0,7277747;-36,23328;22,16675;47,92156
Platform Panic;14;0,7299011;-36,23328;22,03196;47,92156
Platform Panic;14;0,731956;-36,23328;22,03196;47,92156
Platform Panic;14;0,7337898;-36,23328;22,03196;47,92156
Platform Panic;14;0,7357212;-36,23328;22,03196;47,92156
Platform Panic;14;0,7381517;-36,23328;22,03196;47,92156
Platform Panic;14;0,7399873;-36,23328;22,03196;47,92156
Platform Panic;14;0,7423388;-36,23328;22,03196;47,92156
Platform Panic;14;0,7450228;-36,23328;22,03196;47,92156
Platform Panic;14;0,7470117;-36,23328;22,03196;47,92156
Platform Panic;14;0,7490804;-36,23328;21,90875;47,92156
Platform Panic;14;0,7543529;-36,23328;21,90875;47,92156
Platform Panic;14;0,756556;-36,23328;21,90875;47,92156
Platform Panic;14;0,7586015;-36,23328;21,90875;47,92156
Platform Panic;14;0,7608336;-36,23328;21,90875;47,92156
Platform Panic;14;0,7627912;-36,23328;21,90875;47,92156
Platform Panic;14;0,7646475;-36,23328;21,90875;47,92156
Platform Panic;14;0,7665886;-36,23328;21,90875;47,92156
Platform Panic;14;0,7690755;-36,23328;21,77725;47,92156
Platform Panic;14;0,7712374;-36,23328;21,77725;47,92156
Platform Panic;14;0,7734801;-36,23328;21,77725;47,92156
Platform Panic;14;0,775782;-36,23328;21,77725;47,92156
Platform Panic;14;0,778157;-36,23328;21,77725;47,92156
Platform Panic;14;0,7801058;-36,23328;21,77725;47,92156
Platform Panic;14;0,7821864;-36,23328;21,77725;47,92156
Platform Panic;14;0,7845479;-36,23328;21,77725;47,92156
Platform Panic;14;0,7866252;-36,23328;21,77725;47,92156
Platform Panic;14;0,7884974;-36,23328;21,64666;47,92156
Platform Panic;14;0,7905549;-36,23328;21,64666;47,92156
Platform Panic;14;0,7927357;-36,23328;21,64666;47,92156
Platform Panic;14;0,7946246;-36,23328;21,64666;47,92156
Platform Panic;14;0,7964216;-36,23328;21,64666;47,92156
Platform Panic;14;0,7982103;-36,23328;21,64666;47,92156
Platform Panic;14;0,8002192;-36,23328;21,64666;47,92156
Platform Panic;14;0,8020005;-36,23328;21,64666;47,92156
Platform Panic;14;0,8039232;-36,23328;21,64666;47,92156
Platform Panic;14;0,8064342;-36,23328;21,64666;47,92156
Platform Panic;14;0,8103765;-36,23328;21,49599;47,92156
Platform Panic;14;0,8127257;-36,23328;21,49599;47,92156
Platform Panic;14;0,8147889;-36,23328;21,49599;47,92156
Platform Panic;14;0,8169426;-36,23328;21,49599;47,92156
Platform Panic;14;0,8188326;-36,23328;21,49599;47,92156
Platform Panic;14;0,8207561;-36,23328;21,49599;47,92156
Platform Panic;14;0,8225558;-36,23328;21,49599;47,92156
Platform Panic;14;0,824397;-36,23328;21,49599;47,92156
Platform Panic;14;0,8262321;-36,23328;21,49599;47,92156
Platform Panic;14;0,828207;-36,23328;21,37079;47,92156
Platform Panic;14;0,8302708;-36,23328;21,37079;47,92156
Platform Panic;14;0,8325936;-36,23328;21,37079;47,92156
Platform Panic;14;0,8345039;-36,23328;21,37079;47,92156
Platform Panic;14;0,8363842;-36,23328;21,37079;47,92156
Platform Panic;14;0,8386832;-36,23328;21,37079;47,92156
Platform Panic;14;0,841592;-36,23328;21,37079;47,92156
Platform Panic;14;0,8437542;-36,23328;21,37079;47,92156
Platform Panic;14;0,8457477;-36,23328;21,37079;47,92156
Platform Panic;14;0,8476935;-36,23328;21,37079;47,92156
Platform Panic;14;0,8495211;-36,23328;21,21777;47,92156
Platform Panic;14;0,8515008;-36,23328;21,21777;47,92156
Platform Panic;14;0,8533032;-36,23328;21,21777;47,92156
Platform Panic;14;0,8550396;-36,23328;21,21777;47,92156
Platform Panic;14;0,8568589;-36,23328;21,21777;47,92156
Platform Panic;14;0,8587563;-36,23328;21,21777;47,92156
Platform Panic;14;0,860748;-36,23328;21,21777;47,92156
Platform Panic;14;0,8625141;-36,23328;21,21777;47,92156
Platform Panic;14;0,8645085;-36,23328;21,21777;47,92156
Platform Panic;14;0,866259;-36,23328;21,21777;47,92156
Platform Panic;14;0,8682885;-36,23328;21,08042;47,92156
Platform Panic;14;0,8706608;-36,23328;21,08042;47,92156
Platform Panic;14;0,8733352;-36,23328;21,08042;47,92156
Platform Panic;14;0,8753338;-36,23328;21,08042;47,92156
Platform Panic;14;0,8773962;-36,23328;21,08042;47,92156
Platform Panic;14;0,8791665;-36,23328;21,08042;47,92156
Platform Panic;14;0,8809716;-36,23328;21,08042;47,92156
Platform Panic;14;0,8829814;-36,23328;21,08042;47,92156
Platform Panic;14;0,8849086;-36,23328;21,08042;47,92156
Platform Panic;14;0,8869426;-36,23328;21,08042;47,92156
Platform Panic;14;0,8888801;-36,23328;20,92662;47,92156
Platform Panic;14;0,8908773;-36,23328;20,92662;47,92156
Platform Panic;14;0,8927149;-36,23328;20,92662;47,92156
Platform Panic;14;0,8948345;-36,23328;20,92662;47,92156
Platform Panic;14;0,8979595;-36,23328;20,92662;47,92156
Platform Panic;14;0,899763;-36,23328;20,92662;47,92156
Platform Panic;14;0,9017473;-36,23328;20,92662;47,92156
Platform Panic;14;0,9047216;-36,23328;20,92662;47,92156
Platform Panic;14;0,9068477;-36,23328;20,92662;47,92156
Platform Panic;14;0,9087877;-36,23328;20,77504;47,92156
Platform Panic;14;0,9112871;-36,23328;20,77504;47,92156
Platform Panic;14;0,9135298;-36,23328;20,77504;47,92156
Platform Panic;14;0,9158332;-36,23328;20,77504;47,92156
Platform Panic;14;0,9177705;-36,23328;20,77504;47,92156
Platform Panic;14;0,9198513;-36,23328;20,77504;47,92156
Platform Panic;14;0,9225937;-36,23328;20,77504;47,92156
Platform Panic;14;0,9250146;-36,23328;20,77504;47,92156
Platform Panic;14;0,9271346;-36,23328;20,77504;47,92156
Platform Panic;14;0,9299383;-36,23328;20,61078;47,92156
Platform Panic;14;0,9323249;-36,23328;20,61078;47,92156
Platform Panic;14;0,9343376;-36,23328;20,61078;47,92156
Platform Panic;14;0,9372976;-36,23328;20,61078;47,92156
Platform Panic;14;0,9417495;-36,23328;20,61078;47,92156
Platform Panic;14;0,9437688;-36,23328;20,61078;47,92156
Platform Panic;14;0,9462552;-36,23328;20,61078;47,92156
Platform Panic;14;0,9552707;-36,23328;20,40969;47,92156
Platform Panic;14;0,96184;-36,23328;20,40969;47,92156
Platform Panic;14;0,9646881;-36,23328;20,40969;47,92156
Platform Panic;14;0,9671243;-36,23328;20,40969;47,92156
Platform Panic;14;0,970264;-36,23328;20,28884;47,92157
Platform Panic;14;0,9734266;-36,23328;20,28884;47,92157
Platform Panic;14;0,9755034;-36,23328;20,28884;47,92157
Platform Panic;14;0,977757;-36,23328;20,28884;47,92157
Platform Panic;14;0,979987;-36,23328;20,28884;47,92157
Platform Panic;14;0,981966;-36,23328;20,28884;47,92157
Platform Panic;14;0,9837798;-36,23328;20,28884;47,92157
Platform Panic;14;0,9861247;-36,23328;20,28884;47,92157
Platform Panic;14;0,9879753;-36,23328;20,28884;47,92157
Platform Panic;14;0,9897985;-36,23328;20,12877;47,92156
Platform Panic;14;0,9918228;-36,23328;20,12877;47,92156
Platform Panic;14;0,9940492;-36,23328;20,12877;47,92156
Platform Panic;14;0,9958386;-36,23328;20,12877;47,92156
Platform Panic;14;0,9980699;-36,23328;20,12877;47,92156
Platform Panic;14;1,000521;-36,23328;20,12877;47,92156
Platform Panic;14;1,003168;-36,23328;20,12877;47,92156
Platform Panic;14;1,005562;-36,23328;20,12877;47,92156
Platform Panic;14;1,007952;-36,23328;20,12877;47,92156
Platform Panic;14;1,010553;-36,23328;19,95568;47,92156
Platform Panic;14;1,012849;-36,23328;19,95568;47,92156
Platform Panic;14;1,014791;-36,23328;19,95568;47,92156
Platform Panic;14;1,017078;-36,23328;19,95568;47,92156
Platform Panic;14;1,019039;-36,23328;19,95568;47,92156
Platform Panic;14;1,02094;-36,23328;19,95568;47,92156
Platform Panic;14;1,022723;-36,23328;19,95568;47,92156
Platform Panic;14;1,024779;-36,23328;19,95568;47,92156
Platform Panic;14;1,026599;-36,23328;19,95568;47,92156
Platform Panic;14;1,028514;-36,23328;19,80362;47,92156
Platform Panic;14;1,030681;-36,23328;19,80362;47,92156
Platform Panic;14;1,033134;-36,23328;19,80362;47,92156
Platform Panic;14;1,036276;-36,23328;19,80362;47,92156
Platform Panic;14;1,039154;-36,23328;19,80362;47,92156
Platform Panic;14;1,04323;-36,23328;19,80362;47,92156
Platform Panic;14;1,045925;-36,23328;19,80362;47,92156
Platform Panic;14;1,048236;-36,23328;19,63394;47,92156
Platform Panic;14;1,050313;-36,23328;19,63394;47,92156
Platform Panic;14;1,052076;-36,23328;19,63394;47,92156
Platform Panic;14;1,053892;-36,23328;19,63394;47,92156
Platform Panic;14;1,055723;-36,23328;19,63394;47,92156
Platform Panic;14;1,057772;-36,23328;19,63394;47,92156
Platform Panic;14;1,059472;-36,23328;19,63394;47,92156
Platform Panic;14;1,061308;-36,23328;19,63394;47,92156
Platform Panic;14;1,063078;-36,23328;19,63394;47,92156
Platform Panic;14;1,06547;-36,23328;19,63394;47,92156
Platform Panic;14;1,067849;-36,23328;19,63394;47,92156
Platform Panic;14;1,069976;-36,23328;19,44367;47,92156
Platform Panic;14;1,072374;-36,23328;19,44367;47,92156
Platform Panic;14;1,074255;-36,23328;19,44367;47,92156
Platform Panic;14;1,076562;-36,23328;19,44367;47,92156
Platform Panic;14;1,078526;-36,23328;19,44367;47,92156
Platform Panic;14;1,08079;-36,23328;19,44367;47,92156
Platform Panic;14;1,082622;-36,23328;19,44367;47,92156
Platform Panic;14;1,084405;-36,23328;19,44367;47,92156
Platform Panic;14;1,086142;-36,23328;19,44367;47,92156
Platform Panic;14;1,088232;-36,23328;19,28159;47,92156
Platform Panic;14;1,090218;-36,23328;19,28159;47,92156
Platform Panic;14;1,091957;-36,23328;19,28159;47,92156
Platform Panic;14;1,093696;-36,23328;19,28159;47,92156
Platform Panic;14;1,09542;-36,23328;19,28159;47,92156
Platform Panic;14;1,097843;-36,23328;19,28159;47,92156
Platform Panic;14;1,100587;-36,23328;19,28159;47,92156
Platform Panic;14;1,102571;-36,23328;19,28159;47,92156
Platform Panic;14;1,104879;-36,23328;19,28159;47,92156
Platform Panic;14;1,106841;-36,23328;19,28159;47,92156
Platform Panic;14;1,108619;-36,23328;19,09776;47,92156
Platform Panic;14;1,110677;-36,23328;19,09776;47,92156
Platform Panic;14;1,112857;-36,23328;19,09776;47,92156
Platform Panic;14;1,114651;-36,23328;19,09776;47,92156
Platform Panic;14;1,116376;-36,23328;19,09776;47,92156
Platform Panic;14;1,118182;-36,23328;19,09776;47,92156
Platform Panic;14;1,120226;-36,23328;19,09776;47,92156
Platform Panic;14;1,121991;-36,23328;19,09776;47,92156
Platform Panic;14;1,123687;-36,23328;19,09776;47,92156
Platform Panic;14;1,125433;-36,23328;19,09776;47,92156
Platform Panic;14;1,127232;-36,23328;19,09776;47,92156
Platform Panic;14;1,129476;-36,23328;18,90676;47,92156
Platform Panic;14;1,132176;-36,23328;18,90676;47,92156
Platform Panic;14;1,13447;-36,23328;18,90676;47,92156
Platform Panic;14;1,136687;-36,23328;18,90676;47,92156
Platform Panic;14;1,138595;-36,23328;18,90676;47,92156
Platform Panic;14;1,140389;-36,23328;18,90676;47,92156
Platform Panic;14;1,142246;-36,23328;18,90676;47,92156
Platform Panic;14;1,146872;-36,23328;18,90676;47,92156
Platform Panic;14;1,148752;-36,23328;18,72772;47,92156
Platform Panic;14;1,150733;-36,23328;18,72772;47,92156
Platform Panic;14;1,152626;-36,23328;18,72772;47,92156
Platform Panic;14;1,154586;-36,23328;18,72772;47,92156
Platform Panic;14;1,156469;-36,23328;18,72772;47,92156
Platform Panic;14;1,15819;-36,23328;18,72772;47,92156
Platform Panic;14;1,160015;-36,23328;18,72772;47,92156
Platform Panic;14;1,16202;-36,23328;18,72772;47,92156
Platform Panic;14;1,164318;-36,23328;18,72772;47,92156
Platform Panic;14;1,166255;-36,23328;18,72772;47,92156
Platform Panic;14;1,16815;-36,23328;18,72772;47,92156
Platform Panic;14;1,170134;-36,23328;18,52608;47,92156
Platform Panic;14;1,17225;-36,23328;18,52608;47,92156
Platform Panic;14;1,174762;-36,23328;18,52608;47,92156
Platform Panic;14;1,177019;-36,23328;18,52608;47,92156
Platform Panic;14;1,179012;-36,23328;18,52608;47,92156
Platform Panic;14;1,181032;-36,23328;18,52608;47,92156
Platform Panic;14;1,183353;-36,23328;18,52608;47,92156
Platform Panic;14;1,185398;-36,23328;18,52608;47,92156
Platform Panic;14;1,187478;-36,23328;18,52608;47,92156
Platform Panic;14;1,189466;-36,23328;18,34128;47,92156
Platform Panic;14;1,191874;-36,23328;18,34128;47,92156
Platform Panic;14;1,193909;-36,23328;18,34128;47,92156
Platform Panic;14;1,196271;-36,23328;18,34128;47,92156
Platform Panic;14;1,198493;-36,23328;18,34128;47,92156
Platform Panic;14;1,200786;-36,23328;18,34128;47,92156
Platform Panic;14;1,203148;-36,23328;18,34128;47,92156
Platform Panic;14;1,205303;-36,23328;18,34128;47,92156
Platform Panic;14;1,207807;-36,23328;18,34128;47,92156
Platform Panic;14;1,210288;-36,23328;18,13939;47,92156
Platform Panic;14;1,212623;-36,23328;18,13939;47,92156
Platform Panic;14;1,214784;-36,23328;18,13939;47,92156
Platform Panic;14;1,217323;-36,23328;18,13939;47,92156
Platform Panic;14;1,219271;-36,23328;18,13939;47,92156
Platform Panic;14;1,221388;-36,23328;18,13939;47,92156
Platform Panic;14;1,223769;-36,23328;18,13939;47,92156
Platform Panic;14;1,226161;-36,23328;18,13939;47,92156
Platform Panic;14;1,228734;-36,23328;17,95831;47,92156
Platform Panic;14;1,232469;-36,23328;17,95831;47,92156
Platform Panic;14;1,234698;-36,23328;17,95831;47,92156
Platform Panic;14;1,236675;-36,23328;17,95831;47,92156
Platform Panic;14;1,238502;-36,23328;17,95831;47,92156
Platform Panic;14;1,240621;-36,23328;17,95831;47,92156
Platform Panic;14;1,242559;-36,23328;17,95831;47,92156
Platform Panic;14;1,244612;-36,23328;17,95831;47,92156
Platform Panic;14;1,246364;-36,23328;17,95831;47,92156
Platform Panic;14;1,248667;-36,23328;17,76004;47,92156
Platform Panic;14;1,250695;-36,23328;17,76004;47,92156
Platform Panic;14;1,252564;-36,23328;17,76004;47,92156
Platform Panic;14;1,254695;-36,23328;17,76004;47,92156
Platform Panic;14;1,257155;-36,23328;17,76004;47,92156
Platform Panic;14;1,259244;-36,23328;17,76004;47,92156
Platform Panic;14;1,261874;-36,23328;17,76004;47,92156
Platform Panic;14;1,264319;-36,23328;17,76004;47,92156
Platform Panic;14;1,266263;-36,23328;17,76004;47,92156
Platform Panic;14;1,268116;-36,23328;17,76004;47,92156
Platform Panic;14;1,269951;-36,23328;17,54543;47,92156
Platform Panic;14;1,272892;-36,23328;17,54543;47,92156
Platform Panic;14;1,274846;-36,23328;17,54543;47,92156
Platform Panic;14;1,276666;-36,23328;17,54543;47,92156
Platform Panic;14;1,278499;-36,23328;17,54543;47,92156
Platform Panic;14;1,280605;-36,23328;17,54543;47,92156
Platform Panic;14;1,282444;-36,23328;17,54543;47,92156
Platform Panic;14;1,284198;-36,23328;17,54543;47,92156
Platform Panic;14;1,285991;-36,23328;17,54543;47,92156
Platform Panic;14;1,288553;-36,23328;17,35561;47,92156
Platform Panic;14;1,291226;-36,23328;17,35561;47,92156
Platform Panic;14;1,293945;-36,23328;17,35561;47,92156
Platform Panic;14;1,296517;-36,23328;17,35561;47,92156
Platform Panic;14;1,298576;-36,23328;17,35561;47,92156
Platform Panic;14;1,30072;-36,23328;17,35561;47,92156
Platform Panic;14;1,302638;-36,23328;17,35561;47,92156
Platform Panic;14;1,305056;-36,23328;17,35561;47,92156
Platform Panic;14;1,307528;-36,23328;17,35561;47,92156
Platform Panic;14;1,309378;-36,23328;17,14036;47,92156
Platform Panic;14;1,311566;-36,23328;17,14036;47,92156
Platform Panic;14;1,313771;-36,23328;17,14036;47,92156
Platform Panic;14;1,315553;-36,23328;17,14036;47,92156
Platform Panic;14;1,317364;-36,23328;17,14036;47,92156
Platform Panic;14;1,319178;-36,23328;17,14036;47,92156
Platform Panic;14;1,321476;-36,23328;17,14036;47,92156
Platform Panic;14;1,323317;-36,23328;17,14036;47,92156
Platform Panic;14;1,325678;-36,23328;17,14036;47,92156
Platform Panic;14;1,328494;-36,23327;16,94046;47,92156
Platform Panic;14;1,330944;-36,23327;16,94046;47,92156
Platform Panic;14;1,332896;-36,23327;16,94046;47,92156
Platform Panic;14;1,33497;-36,23327;16,94046;47,92156
Platform Panic;14;1,337091;-36,23327;16,94046;47,92156
Platform Panic;14;1,342069;-36,23327;16,94046;47,92156
Platform Panic;14;1,344415;-36,23327;16,94046;47,92156
Platform Panic;14;1,346326;-36,23327;16,94046;47,92156
Platform Panic;14;1,348329;-36,23328;16,73055;47,92156
Platform Panic;14;1,350674;-36,23328;16,73055;47,92156
Platform Panic;14;1,352856;-36,23328;16,73055;47,92156
Platform Panic;14;1,354785;-36,23328;16,73055;47,92156
Platform Panic;14;1,357082;-36,23328;16,73055;47,92156
Platform Panic;14;1,359298;-36,23328;16,73055;47,92156
Platform Panic;14;1,361758;-36,23328;16,73055;47,92156
Platform Panic;14;1,363841;-36,23328;16,73055;47,92156
Platform Panic;14;1,365719;-36,23328;16,73055;47,92156
Platform Panic;14;1,369638;-36,23328;16,50223;47,92155
Platform Panic;14;1,372742;-36,23328;16,50223;47,92155
Platform Panic;14;1,374951;-36,23328;16,50223;47,92155
Platform Panic;14;1,377537;-36,23328;16,50223;47,92155
Platform Panic;14;1,379634;-36,23328;16,50223;47,92155
Platform Panic;14;1,381554;-36,23328;16,50223;47,92155
Platform Panic;14;1,383436;-36,23328;16,50223;47,92155
Platform Panic;14;1,385727;-36,23328;16,50223;47,92155
Platform Panic;14;1,387662;-36,23328;16,50223;47,92155
Platform Panic;14;1,389961;-36,23328;16,2819;47,92156
Platform Panic;14;1,394459;-36,23328;16,2819;47,92156
Platform Panic;14;1,397543;-36,23328;16,2819;47,92156
Platform Panic;14;1,399698;-36,23328;16,2819;47,92156
Platform Panic;14;1,402111;-36,23328;16,2819;47,92156
Platform Panic;14;1,404134;-36,23328;16,2819;47,92156
Platform Panic;14;1,406021;-36,23328;16,2819;47,92156
Platform Panic;14;1,408487;-36,23328;16,07893;47,92156
Platform Panic;14;1,411386;-36,23328;16,07893;47,92156
Platform Panic;14;1,413353;-36,23328;16,07893;47,92156
Platform Panic;14;1,415523;-36,23328;16,07893;47,92156
Platform Panic;14;1,417986;-36,23328;16,07893;47,92156
Platform Panic;14;1,420182;-36,23328;16,07893;47,92156
Platform Panic;14;1,422512;-36,23328;16,07893;47,92156
Platform Panic;14;1,42665;-36,23328;16,07893;47,92156
Platform Panic;14;1,429348;-36,23328;15,84771;47,92156
Platform Panic;14;1,43158;-36,23328;15,84771;47,92156
Platform Panic;14;1,433936;-36,23328;15,84771;47,92156
Platform Panic;14;1,435895;-36,23328;15,84771;47,92156
Platform Panic;14;1,438159;-36,23328;15,84771;47,92156
Platform Panic;14;1,440852;-36,23328;15,84771;47,92156
Platform Panic;14;1,442957;-36,23328;15,84771;47,92156
Platform Panic;14;1,445093;-36,23328;15,84771;47,92156
Platform Panic;14;1,447322;-36,23328;15,84771;47,92156
Platform Panic;14;1,449794;-36,23328;15,61855;47,92156
Platform Panic;14;1,452167;-36,23328;15,61855;47,92156
Platform Panic;14;1,454236;-36,23328;15,61855;47,92156
Platform Panic;14;1,456598;-36,23328;15,61855;47,92156
Platform Panic;14;1,458891;-36,23328;15,61855;47,92156
Platform Panic;14;1,469988;-36,23328;15,38974;47,92156
Platform Panic;14;1,472699;-36,23328;15,38974;47,92156
Platform Panic;14;1,475438;-36,23328;15,38974;47,92156
Platform Panic;14;1,477602;-36,23328;15,38974;47,92156
Platform Panic;14;1,479754;-36,23328;15,38974;47,92156
Platform Panic;14;1,482085;-36,23328;15,38974;47,92156
Platform Panic;14;1,484119;-36,23328;15,38974;47,92156
Platform Panic;14;1,486106;-36,23328;15,38974;47,92156
Platform Panic;14;1,488276;-36,23328;15,18051;47,92156
Platform Panic;14;1,490385;-36,23328;15,18051;47,92156
Platform Panic;14;1,493049;-36,23328;15,18051;47,92156
Platform Panic;14;1,495185;-36,23328;15,18051;47,92156
Platform Panic;14;1,497375;-36,23328;15,18051;47,92156
Platform Panic;14;1,499158;-36,23328;15,18051;47,92156
Platform Panic;14;1,501081;-36,23328;15,18051;47,92156
Platform Panic;14;1,502984;-36,23328;15,18051;47,92156
Platform Panic;14;1,505441;-36,23328;15,18051;47,92156
Platform Panic;14;1,507583;-36,23328;15,18051;47,92156
Platform Panic;14;1,509471;-36,23328;14,93537;47,92155
Platform Panic;14;1,51152;-36,23328;14,93537;47,92155
Platform Panic;14;1,513778;-36,23328;14,93537;47,92155
Platform Panic;14;1,515618;-36,23328;14,93537;47,92155
Platform Panic;14;1,517611;-36,23328;14,93537;47,92155
Platform Panic;14;1,519532;-36,23328;14,93537;47,92155
Platform Panic;14;1,521733;-36,23328;14,93537;47,92155
Platform Panic;14;1,524209;-36,23328;14,93537;47,92155
Platform Panic;14;1,526318;-36,23328;14,93537;47,92155
Platform Panic;14;1,528534;-36,23328;14,7127;47,92155
Platform Panic;14;1,53059;-36,23328;14,7127;47,92155
Platform Panic;14;1,532404;-36,23328;14,7127;47,92155
Platform Panic;14;1,534197;-36,23328;14,7127;47,92155
Platform Panic;14;1,536538;-36,23328;14,7127;47,92155
Platform Panic;14;1,538502;-36,23328;14,7127;47,92155
Platform Panic;14;1,540302;-36,23328;14,7127;47,92155
Platform Panic;14;1,542117;-36,23328;14,7127;47,92155
Platform Panic;14;1,544256;-36,23328;14,7127;47,92155
Platform Panic;14;1,546056;-36,23328;14,7127;47,92155
Platform Panic;14;1,547979;-36,23328;14,7127;47,92155
Platform Panic;14;1,549765;-36,23328;14,46208;47,92156
Platform Panic;14;1,554743;-36,23328;14,46208;47,92156
Platform Panic;14;1,557307;-36,23328;14,46208;47,92156
Platform Panic;14;1,559413;-36,23328;14,46208;47,92156
Platform Panic;14;1,561596;-36,23328;14,46208;47,92156
Platform Panic;14;1,563763;-36,23328;14,46208;47,92156
Platform Panic;14;1,565728;-36,23328;14,46208;47,92156
Platform Panic;14;1,567607;-36,23328;14,46208;47,92156
Platform Panic;14;1,569581;-36,23328;14,22585;47,92155
Platform Panic;14;1,571576;-36,23328;14,22585;47,92155
Platform Panic;14;1,573332;-36,23328;14,22585;47,92155
Platform Panic;14;1,575113;-36,23328;14,22585;47,92155
Platform Panic;14;1,577296;-36,23328;14,22585;47,92155
Platform Panic;14;1,57903;-36,23328;14,22585;47,92155
Platform Panic;14;1,580827;-36,23328;14,22585;47,92155
Platform Panic;14;1,582595;-36,23328;14,22585;47,92155
Platform Panic;14;1,584851;-36,23328;14,22585;47,92155
Platform Panic;14;1,58667;-36,23328;14,22585;47,92155
Platform Panic;14;1,588865;-36,23328;13,9938;47,92155
Platform Panic;14;1,591807;-36,23328;13,9938;47,92155
Platform Panic;14;1,594092;-36,23328;13,9938;47,92155
Platform Panic;14;1,595971;-36,23328;13,9938;47,92155
Platform Panic;14;1,597796;-36,23328;13,9938;47,92155
Platform Panic;14;1,599622;-36,23328;13,9938;47,92155
Platform Panic;14;1,601818;-36,23328;13,9938;47,92155
Platform Panic;14;1,603564;-36,23328;13,9938;47,92155
Platform Panic;14;1,605357;-36,23328;13,9938;47,92155
Platform Panic;14;1,607094;-36,23328;13,9938;47,92155
Platform Panic;14;1,609108;-36,23328;13,74785;47,92155
Platform Panic;14;1,611297;-36,23328;13,74785;47,92155
Platform Panic;14;1,613055;-36,23328;13,74785;47,92155
Platform Panic;14;1,614814;-36,23328;13,74785;47,92155
Platform Panic;14;1,616912;-36,23328;13,74785;47,92155
Platform Panic;14;1,618791;-36,23328;13,74785;47,92155
Platform Panic;14;1,62094;-36,23328;13,74785;47,92155
Platform Panic;14;1,623135;-36,23328;13,74785;47,92155
Platform Panic;14;1,62571;-36,23328;13,74785;47,92155
Platform Panic;14;1,627776;-36,23328;13,74785;47,92155
Platform Panic;14;1,629589;-36,23328;13,4966;47,92155
Platform Panic;14;1,631636;-36,23328;13,4966;47,92155
Platform Panic;14;1,634156;-36,23328;13,4966;47,92155
Platform Panic;14;1,636196;-36,23328;13,4966;47,92155
Platform Panic;14;1,63809;-36,23328;13,4966;47,92155
Platform Panic;14;1,63995;-36,23328;13,4966;47,92155
Platform Panic;14;1,642007;-36,23328;13,4966;47,92155
Platform Panic;14;1,643848;-36,23328;13,4966;47,92155
Platform Panic;14;1,645955;-36,23328;13,4966;47,92155
Platform Panic;14;1,647765;-36,23328;13,4966;47,92155
Platform Panic;14;1,649822;-36,23328;13,24607;47,92155
Platform Panic;14;1,651814;-36,23328;13,24607;47,92155
Platform Panic;14;1,654001;-36,23328;13,24607;47,92155
Platform Panic;14;1,655921;-36,23328;13,24607;47,92155
Platform Panic;14;1,658131;-36,23328;13,24607;47,92155
Platform Panic;14;1,660292;-36,23328;13,24607;47,92155
Platform Panic;14;1,662303;-36,23328;13,24607;47,92155
Platform Panic;14;1,66572;-36,23328;13,24607;47,92155
Platform Panic;14;1,667508;-36,23328;13,24607;47,92155
Platform Panic;14;1,669244;-36,23328;13,00343;47,92155
Platform Panic;14;1,671235;-36,23328;13,00343;47,92155
Platform Panic;14;1,673245;-36,23328;13,00343;47,92155
Platform Panic;14;1,675183;-36,23328;13,00343;47,92155
Platform Panic;14;1,677103;-36,23328;13,00343;47,92155
Platform Panic;14;1,678936;-36,23328;13,00343;47,92155
Platform Panic;14;1,680837;-36,23328;13,00343;47,92155
Platform Panic;14;1,68259;-36,23328;13,00343;47,92155
Platform Panic;14;1,684326;-36,23328;13,00343;47,92155
Platform Panic;14;1,686662;-36,23328;13,00343;47,92155
Platform Panic;14;1,689148;-36,23328;12,75256;47,92155
Platform Panic;14;1,691679;-36,23328;12,75256;47,92155
Platform Panic;14;1,693664;-36,23328;12,75256;47,92155
Platform Panic;14;1,695648;-36,23328;12,75256;47,92155
Platform Panic;14;1,697614;-36,23328;12,75256;47,92155
Platform Panic;14;1,699516;-36,23328;12,75256;47,92155
Platform Panic;14;1,701528;-36,23328;12,75256;47,92155
Platform Panic;14;1,703396;-36,23328;12,75256;47,92155
Platform Panic;14;1,705183;-36,23328;12,75256;47,92155
Platform Panic;14;1,706959;-36,23328;12,75256;47,92155
Platform Panic;14;1,708771;-36,23328;12,50306;47,92154
Platform Panic;14;1,710855;-36,23328;12,50306;47,92154
Platform Panic;14;1,712596;-36,23328;12,50306;47,92154
Platform Panic;14;1,714687;-36,23328;12,50306;47,92154
Platform Panic;14;1,716547;-36,23328;12,50306;47,92154
Platform Panic;14;1,718869;-36,23328;12,50306;47,92154
Platform Panic;14;1,721225;-36,23328;12,50306;47,92154
Platform Panic;14;1,723197;-36,23328;12,50306;47,92154
Platform Panic;14;1,72542;-36,23328;12,50306;47,92154
Platform Panic;14;1,727462;-36,23328;12,50306;47,92154
Platform Panic;14;1,729562;-36,23328;12,2373;47,92155
Platform Panic;14;1,732047;-36,23328;12,2373;47,92155
Platform Panic;14;1,734005;-36,23328;12,2373;47,92155
Platform Panic;14;1,736065;-36,23328;12,2373;47,92155
Platform Panic;14;1,740896;-36,23328;12,2373;47,92155
Platform Panic;14;1,742851;-36,23328;12,2373;47,92155
Platform Panic;14;1,744706;-36,23328;12,2373;47,92155
Platform Panic;14;1,746608;-36,23328;12,2373;47,92155
Platform Panic;14;1,748378;-36,23328;12,01094;47,92155
Platform Panic;14;1,750784;-36,23328;12,01094;47,92155
Platform Panic;14;1,752801;-36,23328;12,01094;47,92155
Platform Panic;14;1,754771;-36,23328;12,01094;47,92155
Platform Panic;14;1,756602;-36,23328;12,01094;47,92155
Platform Panic;14;1,758581;-36,23328;12,01094;47,92155
Platform Panic;14;1,760383;-36,23328;12,01094;47,92155
Platform Panic;14;1,762086;-36,23328;12,01094;47,92155
Platform Panic;14;1,76388;-36,23328;12,01094;47,92155
Platform Panic;14;1,765811;-36,23328;12,01094;47,92155
Platform Panic;14;1,767547;-36,23328;12,01094;47,92155
Platform Panic;14;1,769389;-36,23328;12,15374;47,92155
Platform Panic;14;1,771708;-36,23328;12,15374;47,92155
Platform Panic;14;1,773766;-36,23328;12,15374;47,92155
Platform Panic;14;1,775657;-36,23328;12,15374;47,92155
Platform Panic;14;1,777682;-36,23328;12,15374;47,92155
Platform Panic;14;1,779762;-36,23328;12,15374;47,92155
Platform Panic;14;1,781527;-36,23328;12,15374;47,92155
Platform Panic;14;1,783478;-36,23328;12,15374;47,92155
Platform Panic;14;1,786602;-36,23328;12,15374;47,92155
Platform Panic;14;1,788606;-36,23328;12,18063;47,92155
Platform Panic;14;1,790688;-36,23328;12,18063;47,92155
Platform Panic;14;1,79287;-36,23328;12,18063;47,92155
Platform Panic;14;1,794732;-36,23328;12,18063;47,92155
Platform Panic;14;1,796517;-36,23328;12,18063;47,92155
Platform Panic;14;1,798295;-36,23328;12,18063;47,92155
Platform Panic;14;1,800294;-36,23328;12,18063;47,92155
Platform Panic;14;1,802296;-36,23328;12,18063;47,92155
Platform Panic;14;1,804133;-36,23328;12,18063;47,92155
Platform Panic;14;1,805966;-36,23328;12,18063;47,92155
Platform Panic;14;1,807757;-36,23328;12,18063;47,92155
Platform Panic;14;1,809816;-36,23328;12,1863;47,92155
Platform Panic;14;1,811743;-36,23328;12,1863;47,92155
Platform Panic;14;1,813499;-36,23328;12,1863;47,92155
Platform Panic;14;1,815441;-36,23328;12,1863;47,92155
Platform Panic;14;1,818089;-36,23328;12,1863;47,92155
Platform Panic;14;1,8216;-36,23328;12,1863;47,92155
Platform Panic;14;1,823553;-36,23328;12,1863;47,92155
Platform Panic;14;1,825682;-36,23328;12,1863;47,92155
Platform Panic;14;1,827887;-36,23328;12,1863;47,92155
Platform Panic;14;1,829906;-36,23328;12,18738;47,92155
Platform Panic;14;1,832974;-36,23328;12,18738;47,92155
Platform Panic;14;1,834875;-36,23328;12,18738;47,92155
Platform Panic;14;1,836721;-36,23328;12,18738;47,92155
Platform Panic;14;1,838556;-36,23328;12,18738;47,92155
Platform Panic;14;1,840643;-36,23328;12,18738;47,92155
Platform Panic;14;1,842363;-36,23328;12,18738;47,92155
Platform Panic;14;1,844123;-36,23328;12,18738;47,92155
Platform Panic;14;1,84593;-36,23328;12,18738;47,92155
Platform Panic;14;1,847736;-36,23328;12,18738;47,92155
Platform Panic;14;1,851189;-36,23328;12,18759;47,92154
Platform Panic;14;1,853589;-36,23328;12,18759;47,92154
Platform Panic;14;1,856405;-36,23328;12,18759;47,92154
Platform Panic;14;1,858499;-36,23328;12,18759;47,92154
Platform Panic;14;1,860394;-36,23328;12,18759;47,92154
Platform Panic;14;1,8623;-36,23328;12,18759;47,92154
Platform Panic;14;1,86453;-36,23328;12,18759;47,92154
Platform Panic;14;1,866476;-36,23328;12,18759;47,92154
Platform Panic;14;1,868316;-36,23327;12,18763;47,92155
Platform Panic;14;1,870393;-36,23327;12,18763;47,92155
Platform Panic;14;1,872391;-36,23327;12,18763;47,92155
Platform Panic;14;1,874175;-36,23327;12,18763;47,92155
Platform Panic;14;1,875903;-36,23327;12,18763;47,92155
Platform Panic;14;1,877814;-36,23327;12,18763;47,92155
Platform Panic;14;1,879715;-36,23327;12,18763;47,92155
Platform Panic;14;1,882026;-36,23327;12,18763;47,92155
Platform Panic;14;1,884393;-36,23327;12,18763;47,92155
Platform Panic;14;1,886314;-36,23327;12,18763;47,92155
Platform Panic;14;1,88849;-36,23328;12,18764;47,92155
Platform Panic;14;1,890828;-36,23328;12,18764;47,92155
Platform Panic;14;1,892681;-36,23328;12,18764;47,92155
Platform Panic;14;1,894606;-36,23328;12,18764;47,92155
Platform Panic;14;1,896541;-36,23328;12,18764;47,92155
Platform Panic;14;1,898386;-36,23328;12,18764;47,92155
Platform Panic;14;1,900581;-36,23328;12,18764;47,92155
Platform Panic;14;1,902478;-36,23328;12,18764;47,92155
Platform Panic;14;1,904533;-36,23328;12,18764;47,92155
Platform Panic;14;1,906295;-36,23328;12,18764;47,92155
Platform Panic;14;1,908006;-36,23328;12,18764;47,92155
Platform Panic;14;1,909812;-36,23328;12,18764;47,92154
Platform Panic;14;1,91193;-36,23328;12,18764;47,92154
Platform Panic;14;1,914212;-36,23328;12,18764;47,92154
Platform Panic;14;1,916502;-36,23328;12,18764;47,92154
Platform Panic;14;1,918503;-36,23328;12,18764;47,92154
Platform Panic;14;1,920371;-36,23328;12,18764;47,92154
Platform Panic;14;1,922214;-36,23328;12,18764;47,92154
Platform Panic;14;1,926924;-36,23328;12,18764;47,92154
Platform Panic;14;1,928932;-36,23328;12,18764;47,92154
Platform Panic;14;1,931073;-36,23328;12,18764;47,92154
Platform Panic;14;1,932975;-36,23328;12,18764;47,92154
Platform Panic;14;1,934753;-36,23328;12,18764;47,92154
Platform Panic;14;1,936557;-36,23328;12,18764;47,92154
Platform Panic;14;1,938344;-36,23328;12,18764;47,92154
Platform Panic;14;1,940147;-36,23328;12,18764;47,92154
Platform Panic;14;1,942261;-36,23328;12,18764;47,92154
Platform Panic;14;1,944745;-36,23328;12,18764;47,92154
Platform Panic;14;1,947054;-36,23328;12,18764;47,92154
Platform Panic;14;1,949379;-36,23328;12,18764;47,92154
Platform Panic;14;1,952277;-36,23328;12,18764;47,92154
Platform Panic;14;1,954639;-36,23328;12,18764;47,92154
Platform Panic;14;1,956831;-36,23328;12,18764;47,92154
Platform Panic;14;1,958959;-36,23328;12,18764;47,92154
Platform Panic;14;1,960896;-36,23328;12,18764;47,92154
Platform Panic;14;1,962746;-36,23328;12,18764;47,92154
Platform Panic;14;1,964524;-36,23328;12,18764;47,92154
Platform Panic;14;1,966603;-36,23328;12,18764;47,92154
Platform Panic;14;1,968429;-36,23328;12,18764;47,92154
Platform Panic;14;1,970799;-36,23328;12,18764;47,92154
Platform Panic;14;1,972771;-36,23328;12,18764;47,92154
Platform Panic;14;1,974747;-36,23328;12,18764;47,92154
Platform Panic;14;1,976817;-36,23328;12,18764;47,92154
Platform Panic;14;1,993243;-36,23328;12,18764;47,92154
Platform Panic;14;2,009311;-36,23328;12,18764;47,92155
Platform Panic;14;2,025323;-36,23328;12,18764;47,92155
Platform Panic;14;2,040928;-36,23328;12,18764;47,92154
Platform Panic;14;2,057347;-36,23328;12,18764;47,92155
Platform Panic;14;2,072917;-36,23328;12,18764;47,92154
Platform Panic;14;2,09015;-36,23328;12,18764;47,92155
Platform Panic;14;2,106768;-36,23328;12,18764;47,92155
Platform Panic;14;2,12315;-36,23328;12,18764;47,92154
Platform Panic;14;2,139061;-36,23328;12,18764;47,92154
Platform Panic;14;2,155138;-36,23328;12,18764;47,92154
Platform Panic;14;2,170837;-36,23328;12,18764;47,92154
Platform Panic;14;2,187173;-36,23328;12,18764;47,92154
Platform Panic;14;2,203835;-36,23328;12,18764;47,92154
Platform Panic;14;2,214024;-36,23328;12,18764;47,92155
Platform Panic;14;2,216723;-36,23328;12,18764;47,92155
Platform Panic;14;2,219245;-36,23328;12,18764;47,92155
Platform Panic;14;2,22123;-36,23328;12,18764;47,92155
Platform Panic;14;2,223491;-36,23328;12,18764;47,92155
Platform Panic;14;2,225335;-36,23328;12,18764;47,92155
Platform Panic;14;2,227365;-36,23328;12,18764;47,92155
Platform Panic;14;2,229447;-36,23328;12,18764;47,92154
Platform Panic;14;2,231897;-36,23328;12,18764;47,92154
Platform Panic;14;2,233905;-36,23328;12,18764;47,92154
Platform Panic;14;2,236076;-36,23328;12,18764;47,92154
Platform Panic;14;2,238776;-36,23328;12,18764;47,92154
Platform Panic;14;2,241066;-36,23328;12,18764;47,92154
Platform Panic;14;2,243155;-36,23328;12,18764;47,92154
Platform Panic;14;2,245262;-36,23328;12,18764;47,92154
Platform Panic;14;2,247158;-36,23328;12,18764;47,92154
Platform Panic;14;2,249083;-36,23328;12,18763;47,92154
Platform Panic;14;2,251091;-36,23328;12,18763;47,92154
Platform Panic;14;2,252799;-36,23328;12,18763;47,92154
Platform Panic;14;2,254452;-36,23328;12,18763;47,92154
Platform Panic;14;2,256315;-36,23328;12,18763;47,92154
Platform Panic;14;2,258163;-36,23328;12,18763;47,92154
Platform Panic;14;2,26012;-36,23328;12,18763;47,92154
Platform Panic;14;2,262679;-36,23328;12,18763;47,92154
Platform Panic;14;2,265193;-36,23328;12,18763;47,92154
Platform Panic;14;2,266911;-36,23328;12,18763;47,92154
Platform Panic;14;2,26868;-36,23327;12,18764;47,92154
Platform Panic;14;2,271971;-36,23327;12,18764;47,92154
Platform Panic;14;2,274229;-36,23327;12,18764;47,92154
Platform Panic;14;2,276385;-36,23327;12,18764;47,92154
Platform Panic;14;2,278513;-36,23327;12,18764;47,92154
Platform Panic;14;2,280389;-36,23327;12,18764;47,92154
Platform Panic;14;2,282157;-36,23327;12,18764;47,92154
Platform Panic;14;2,283877;-36,23327;12,18764;47,92154
Platform Panic;14;2,285671;-36,23327;12,18764;47,92154
Platform Panic;14;2,287349;-36,23327;12,18764;47,92154
Platform Panic;14;2,289207;-36,23328;12,18764;47,92154
Platform Panic;14;2,291239;-36,23328;12,18764;47,92154
Platform Panic;14;2,292971;-36,23328;12,18764;47,92154
Platform Panic;14;2,294583;-36,23328;12,18764;47,92154
Platform Panic;14;2,296201;-36,23328;12,18764;47,92154
Platform Panic;14;2,297886;-36,23328;12,18764;47,92154
Platform Panic;14;2,299675;-36,23328;12,18764;47,92154
Platform Panic;14;2,301899;-36,23328;12,18764;47,92154
Platform Panic;14;2,304231;-36,23328;12,18764;47,92154
Platform Panic;14;2,306336;-36,23328;12,18764;47,92154
Platform Panic;14;2,308177;-36,23328;12,18764;47,92154
Platform Panic;14;2,310144;-36,23328;12,18764;47,92154
Platform Panic;14;2,311997;-36,23328;12,18764;47,92154
Platform Panic;14;2,313894;-36,23328;12,18764;47,92154
Platform Panic;14;2,318181;-36,23328;12,18764;47,92154
Platform Panic;14;2,320029;-36,23328;12,18764;47,92154
Platform Panic;14;2,322014;-36,23328;12,18764;47,92154
Platform Panic;14;2,323789;-36,23328;12,18764;47,92154
Platform Panic;14;2,325382;-36,23328;12,18764;47,92154
Platform Panic;14;2,327033;-36,23328;12,18764;47,92154
Platform Panic;14;2,328707;-36,23328;12,18764;47,92154
Platform Panic;14;2,330667;-36,23328;12,18764;47,92154
Platform Panic;14;2,332372;-36,23328;12,18764;47,92154
Platform Panic;14;2,334223;-36,23328;12,18764;47,92154
Platform Panic;14;2,336554;-36,23328;12,18764;47,92154
Platform Panic;14;2,338332;-36,23328;12,18764;47,92154
Platform Panic;14;2,340238;-36,23328;12,18764;47,92154
Platform Panic;14;2,342133;-36,23328;12,18764;47,92154
Platform Panic;14;2,343898;-36,23328;12,18764;47,92154
Platform Panic;14;2,34556;-36,23328;12,18764;47,92154
Platform Panic;14;2,347146;-36,23328;12,18764;47,92154
Platform Panic;14;2,348803;-36,23328;12,18764;47,92154
Platform Panic;14;2,350984;-36,23328;12,18764;47,92154
Platform Panic;14;2,353625;-36,23328;12,18764;47,92154
Platform Panic;14;2,355281;-36,23328;12,18764;47,92154
Platform Panic;14;2,356912;-36,23328;12,18764;47,92154
Platform Panic;14;2,358528;-36,23328;12,18764;47,92154
Platform Panic;14;2,360034;-36,23328;12,18764;47,92154
Platform Panic;14;2,361632;-36,23328;12,18764;47,92154
Platform Panic;14;2,363375;-36,23328;12,18764;47,92154
Platform Panic;14;2,365198;-36,23328;12,18764;47,92154
Platform Panic;14;2,36688;-36,23328;12,18764;47,92154
Platform Panic;14;2,369602;-36,23328;12,18764;47,92154
Platform Panic;14;2,371872;-36,23328;12,18764;47,92154
Platform Panic;14;2,373589;-36,23328;12,18764;47,92154
Platform Panic;14;2,375308;-36,23328;12,18764;47,92154
Platform Panic;14;2,377;-36,23328;12,18764;47,92154
Platform Panic;14;2,378561;-36,23328;12,18764;47,92154
Platform Panic;14;2,380155;-36,23328;12,18764;47,92154
Platform Panic;14;2,381801;-36,23328;12,18764;47,92154
Platform Panic;14;2,383502;-36,23328;12,18764;47,92154
Platform Panic;14;2,385195;-36,23328;12,18764;47,92154
Platform Panic;14;2,386803;-36,23328;12,18764;47,92154
Platform Panic;14;2,388365;-36,23328;12,18764;47,92154
Platform Panic;14;2,390213;-36,23328;12,18764;47,92154
Platform Panic;14;2,391818;-36,23328;12,18764;47,92154
Platform Panic;14;2,393531;-36,23328;12,18764;47,92154
Platform Panic;14;2,395278;-36,23328;12,18764;47,92154
Platform Panic;14;2,396874;-36,23328;12,18764;47,92154
Platform Panic;14;2,398475;-36,23328;12,18764;47,92154
Platform Panic;14;2,400573;-36,23328;12,18764;47,92154
Platform Panic;14;2,402722;-36,23328;12,18764;47,92154
Platform Panic;14;2,404553;-36,23328;12,18764;47,92154
Platform Panic;14;2,406322;-36,23328;12,18764;47,92154
Platform Panic;14;2,408039;-36,23328;12,18764;47,92154
Platform Panic;14;2,409724;-36,23328;12,18764;47,92154
Platform Panic;14;2,412222;-36,23328;12,18764;47,92154
Platform Panic;14;2,413914;-36,23328;12,18764;47,92154
Platform Panic;14;2,415741;-36,23328;12,18764;47,92154
Platform Panic;14;2,417449;-36,23328;12,18764;47,92154
Platform Panic;14;2,419164;-36,23328;12,18764;47,92154
Platform Panic;14;2,420831;-36,23328;12,18764;47,92154
Platform Panic;14;2,422382;-36,23328;12,18764;47,92154
Platform Panic;14;2,424008;-36,23328;12,18764;47,92154
Platform Panic;14;2,425608;-36,23328;12,18764;47,92154
Platform Panic;14;2,427202;-36,23328;12,18764;47,92154
Platform Panic;14;2,428755;-36,23328;12,18764;47,92154
Platform Panic;14;2,430912;-36,23328;12,18764;47,92154
Platform Panic;14;2,432556;-36,23328;12,18764;47,92154
Platform Panic;14;2,43452;-36,23328;12,18764;47,92154
Platform Panic;14;2,436514;-36,23328;12,18764;47,92154
Platform Panic;14;2,438515;-36,23328;12,18764;47,92154
Platform Panic;14;2,440232;-36,23328;12,18764;47,92154
Platform Panic;14;2,441994;-36,23328;12,18764;47,92154
Platform Panic;14;2,443753;-36,23328;12,18764;47,92154
Platform Panic;14;2,445635;-36,23328;12,18764;47,92154
Platform Panic;14;2,447795;-36,23328;12,18764;47,92154
Platform Panic;14;2,450014;-36,23328;12,18764;47,92154
Platform Panic;14;2,452448;-36,23328;12,18764;47,92154
Platform Panic;14;2,454282;-36,23328;12,18764;47,92154
Platform Panic;14;2,45608;-36,23328;12,18764;47,92154
Platform Panic;14;2,458079;-36,23328;12,18764;47,92154
Platform Panic;14;2,459797;-36,23328;12,18764;47,92154
Platform Panic;14;2,461338;-36,23328;12,18764;47,92154
Platform Panic;14;2,463001;-36,23328;12,18764;47,92154
Platform Panic;14;2,465157;-36,23328;12,18764;47,92154
Platform Panic;14;2,467653;-36,23328;12,18764;47,92154
Platform Panic;14;2,46966;-36,23328;12,18764;47,92154
Platform Panic;14;2,472314;-36,23328;12,18764;47,92154
Platform Panic;14;2,474299;-36,23328;12,18764;47,92154
Platform Panic;14;2,476106;-36,23328;12,18764;47,92154
Platform Panic;14;2,477862;-36,23328;12,18764;47,92154
Platform Panic;14;2,480215;-36,23328;12,18764;47,92154
Platform Panic;14;2,481979;-36,23328;12,18764;47,92154
Platform Panic;14;2,486725;-36,23328;12,18764;47,92154
Platform Panic;14;2,488772;-36,23328;12,18764;47,92154
Platform Panic;14;2,490798;-36,23328;12,18764;47,92154
Platform Panic;14;2,4926;-36,23328;12,18764;47,92154
Platform Panic;14;2,494428;-36,23328;12,18764;47,92154
Platform Panic;14;2,49669;-36,23328;12,18764;47,92154
Platform Panic;14;2,498595;-36,23328;12,18764;47,92154
Platform Panic;14;2,500431;-36,23328;12,18764;47,92154
Platform Panic;14;2,502092;-36,23328;12,18764;47,92154
Platform Panic;14;2,503669;-36,23328;12,18764;47,92154
Platform Panic;14;2,505337;-36,23328;12,18764;47,92154
Platform Panic;14;2,507082;-36,23328;12,18764;47,92154
Platform Panic;14;2,508934;-36,23328;12,18764;47,92154
Platform Panic;14;2,510914;-36,23328;12,18764;47,92154
Platform Panic;14;2,512609;-36,23328;12,18764;47,92154
Platform Panic;14;2,514374;-36,23328;12,18764;47,92154
Platform Panic;14;2,516099;-36,23328;12,18764;47,92154
Platform Panic;14;2,517664;-36,23328;12,18764;47,92154
Platform Panic;14;2,519245;-36,23328;12,18764;47,92154
Platform Panic;14;2,521099;-36,23328;12,18764;47,92154
Platform Panic;14;2,522781;-36,23328;12,18764;47,92154
Platform Panic;14;2,524506;-36,23328;12,18764;47,92154
Platform Panic;14;2,526312;-36,23328;12,18764;47,92154
Platform Panic;14;2,528005;-36,23328;12,18764;47,92154
Platform Panic;14;2,530327;-36,23328;12,18764;47,92154
Platform Panic;14;2,532745;-36,23328;12,18764;47,92154
Platform Panic;14;2,534857;-36,23328;12,18764;47,92154
Platform Panic;14;2,536952;-36,23328;12,18764;47,92154
Platform Panic;14;2,538722;-36,23328;12,18764;47,92154
Platform Panic;14;2,540306;-36,23328;12,18764;47,92154
Platform Panic;14;2,541916;-36,23328;12,18764;47,92154
Platform Panic;14;2,543516;-36,23328;12,18764;47,92154
Platform Panic;14;2,545111;-36,23328;12,18764;47,92154
Platform Panic;14;2,546708;-36,23328;12,18764;47,92154
Platform Panic;14;2,548313;-36,23327;12,18764;47,92154
Platform Panic;14;2,550233;-36,23327;12,18764;47,92154
Platform Panic;14;2,551891;-36,23327;12,18764;47,92154
Platform Panic;14;2,553446;-36,23327;12,18764;47,92154
Platform Panic;14;2,555005;-36,23327;12,18764;47,92154
Platform Panic;14;2,55653;-36,23327;12,18764;47,92154
Platform Panic;14;2,558148;-36,23327;12,18764;47,92154
Platform Panic;14;2,559735;-36,23327;12,18764;47,92154
Platform Panic;14;2,561354;-36,23327;12,18764;47,92154
Platform Panic;14;2,56419;-36,23327;12,18764;47,92154
Platform Panic;14;2,566556;-36,23327;12,18764;47,92154
Platform Panic;14;2,568219;-36,23328;12,18764;47,92154
Platform Panic;14;2,570172;-36,23328;12,18764;47,92154
Platform Panic;14;2,57198;-36,23328;12,18764;47,92154
Platform Panic;14;2,573781;-36,23328;12,18764;47,92154
Platform Panic;14;2,575495;-36,23328;12,18764;47,92154
Platform Panic;14;2,577144;-36,23328;12,18764;47,92154
Platform Panic;14;2,578728;-36,23328;12,18764;47,92154
Platform Panic;14;2,580347;-36,23328;12,18764;47,92154
Platform Panic;14;2,581914;-36,23328;12,18764;47,92154
Platform Panic;14;2,58347;-36,23328;12,18764;47,92154
Platform Panic;14;2,585008;-36,23328;12,18764;47,92154
Platform Panic;14;2,586602;-36,23328;12,18764;47,92154
Platform Panic;14;2,588195;-36,23328;12,18764;47,92154
Platform Panic;14;2,590069;-36,23328;12,18764;47,92154
Platform Panic;14;2,591634;-36,23328;12,18764;47,92154
Platform Panic;14;2,593271;-36,23328;12,18764;47,92154
Platform Panic;14;2,595394;-36,23328;12,18764;47,92154
Platform Panic;14;2,598091;-36,23328;12,18764;47,92154
Platform Panic;14;2,600864;-36,23328;12,18764;47,92154
Platform Panic;14;2,602481;-36,23328;12,18764;47,92154
Platform Panic;14;2,604266;-36,23328;12,18764;47,92154
Platform Panic;14;2,606174;-36,23328;12,18764;47,92154
Platform Panic;14;2,607827;-36,23328;12,18764;47,92154
Platform Panic;14;2,609432;-36,23328;12,18764;47,92154
Platform Panic;14;2,611469;-36,23328;12,18764;47,92154
Platform Panic;14;2,613134;-36,23328;12,18764;47,92154
Platform Panic;14;2,614828;-36,23328;12,18764;47,92154
Platform Panic;14;2,616416;-36,23328;12,18764;47,92154
Platform Panic;14;2,617963;-36,23328;12,18764;47,92154
Platform Panic;14;2,619567;-36,23328;12,18764;47,92154
Platform Panic;14;2,621116;-36,23328;12,18764;47,92154
Platform Panic;14;2,622677;-36,23328;12,18764;47,92154
Platform Panic;14;2,624239;-36,23328;12,18764;47,92154
Platform Panic;14;2,625782;-36,23328;12,18764;47,92154
Platform Panic;14;2,627381;-36,23328;12,18764;47,92154
Platform Panic;14;2,629747;-36,23328;12,18764;47,92154
Platform Panic;14;2,631835;-36,23328;12,18764;47,92154
Platform Panic;14;2,633661;-36,23328;12,18764;47,92154
Platform Panic;14;2,635362;-36,23328;12,18764;47,92154
Platform Panic;14;2,636905;-36,23328;12,18764;47,92154
Platform Panic;14;2,645102;-36,23328;12,18764;47,92154
Platform Panic;14;2,649052;-36,23328;12,18764;47,92154
Platform Panic;14;2,651657;-36,23328;12,18764;47,92154
Platform Panic;14;2,655068;-36,23328;12,18764;47,92154
Platform Panic;14;2,657613;-36,23328;12,18764;47,92154
Platform Panic;14;2,665426;-36,23328;12,18764;47,92154
Platform Panic;14;2,668752;-36,23328;12,18764;47,92154
Platform Panic;14;2,671409;-36,23328;12,18764;47,92154
Platform Panic;14;2,673439;-36,23328;12,18764;47,92154
Platform Panic;14;2,675395;-36,23328;12,18764;47,92154
Platform Panic;14;2,677379;-36,23328;12,18764;47,92154
Platform Panic;14;2,679474;-36,23328;12,18764;47,92154
Platform Panic;14;2,681503;-36,23328;12,18764;47,92154
Platform Panic;14;2,683623;-36,23328;12,18764;47,92154
Platform Panic;14;2,685318;-36,23328;12,18764;47,92154
Platform Panic;14;2,68691;-36,23328;12,18764;47,92154
Platform Panic;14;2,688503;-36,23328;12,18764;47,92154
Platform Panic;14;2,690634;-36,23328;12,18764;47,92154
Platform Panic;14;2,692849;-36,23328;12,18764;47,92154
Platform Panic;14;2,695175;-36,23328;12,18764;47,92154
Platform Panic;14;2,69703;-36,23328;12,18764;47,92154
Platform Panic;14;2,699038;-36,23328;12,18764;47,92154
Platform Panic;14;2,701017;-36,23328;12,18764;47,92154
Platform Panic;14;2,703176;-36,23328;12,18764;47,92154
Platform Panic;14;2,705063;-36,23328;12,18764;47,92154
Platform Panic;14;2,706801;-36,23328;12,18764;47,92154
Platform Panic;14;2,708591;-36,23328;12,18764;47,92154
Platform Panic;14;2,710595;-36,23328;12,18764;47,92154
Platform Panic;14;2,712203;-36,23328;12,18764;47,92154
Platform Panic;14;2,713793;-36,23328;12,18764;47,92154
Platform Panic;14;2,715484;-36,23328;12,18764;47,92154
Platform Panic;14;2,717641;-36,23328;12,18764;47,92154
Platform Panic;14;2,719645;-36,23328;12,18764;47,92154
Platform Panic;14;2,721497;-36,23328;12,18764;47,92154
Platform Panic;14;2,723279;-36,23328;12,18764;47,92154
Platform Panic;14;2,725732;-36,23328;12,18764;47,92154
Platform Panic;14;2,727731;-36,23328;12,18764;47,92154
Platform Panic;14;2,729939;-36,23328;12,18764;47,92154
Platform Panic;14;2,732307;-36,23328;12,18764;47,92154
Platform Panic;14;2,734161;-36,23328;12,18764;47,92154
Platform Panic;14;2,736227;-36,23328;12,18764;47,92154
Platform Panic;14;2,738417;-36,23328;12,18764;47,92154
Platform Panic;14;2,740518;-36,23328;12,18764;47,92154
Platform Panic;14;2,742444;-36,23328;12,18764;47,92154
Platform Panic;14;2,744249;-36,23328;12,18764;47,92154
Platform Panic;14;2,746195;-36,23328;12,18764;47,92154
Platform Panic;14;2,748382;-36,23328;12,18764;47,92154
Platform Panic;14;2,750273;-36,23328;12,18764;47,92154
Platform Panic;14;2,751862;-36,23328;12,18764;47,92154
Platform Panic;14;2,753518;-36,23328;12,18764;47,92154
Platform Panic;14;2,755047;-36,23328;12,18764;47,92154
Platform Panic;14;2,757597;-36,23328;12,18764;47,92154
Platform Panic;14;2,759799;-36,23328;12,18764;47,92154
Platform Panic;14;2,761686;-36,23328;12,18764;47,92154
Platform Panic;14;2,763404;-36,23328;12,18764;47,92154
Platform Panic;14;2,765178;-36,23328;12,18764;47,92154
Platform Panic;14;2,766901;-36,23328;12,18764;47,92154
Platform Panic;14;2,768676;-36,23328;12,18764;47,92154
Platform Panic;14;2,770518;-36,23328;12,18764;47,92154
Platform Panic;14;2,772262;-36,23328;12,18764;47,92154
Platform Panic;14;2,773904;-36,23328;12,18764;47,92154
Platform Panic;14;2,775557;-36,23328;12,18764;47,92154
Platform Panic;14;2,777278;-36,23328;12,18764;47,92154
Platform Panic;14;2,77921;-36,23328;12,18764;47,92154
Platform Panic;14;2,780751;-36,23328;12,18764;47,92154
Platform Panic;14;2,782344;-36,23328;12,18764;47,92154
Platform Panic;14;2,783987;-36,23328;12,18764;47,92154
Platform Panic;14;2,785609;-36,23328;12,18764;47,92154
Platform Panic;14;2,787135;-36,23328;12,18764;47,92154
Platform Panic;14;2,789041;-36,23328;12,18764;47,92154
Platform Panic;14;2,791554;-36,23328;12,18764;47,92154
Platform Panic;14;2,793424;-36,23328;12,18764;47,92154
Platform Panic;14;2,795065;-36,23328;12,18764;47,92154
Platform Panic;14;2,796669;-36,23328;12,18764;47,92154
Platform Panic;14;2,798285;-36,23328;12,18764;47,92154
Platform Panic;14;2,800227;-36,23328;12,18764;47,92154
Platform Panic;14;2,801892;-36,23328;12,18764;47,92154
Platform Panic;14;2,803489;-36,23328;12,18764;47,92154
Platform Panic;14;2,805005;-36,23328;12,18764;47,92154
Platform Panic;14;2,80663;-36,23328;12,18764;47,92154
Platform Panic;14;2,808285;-36,23328;12,18764;47,92154
Platform Panic;14;2,81023;-36,23328;12,18764;47,92154
Platform Panic;14;2,811859;-36,23328;12,18764;47,92154
Platform Panic;14;2,813425;-36,23328;12,18764;47,92154
Platform Panic;14;2,814934;-36,23328;12,18764;47,92154
Platform Panic;14;2,816571;-36,23328;12,18764;47,92154
Platform Panic;14;2,818122;-36,23328;12,18764;47,92154
Platform Panic;14;2,819743;-36,23328;12,18764;47,92154
Platform Panic;14;2,82155;-36,23328;12,18764;47,92154
Platform Panic;14;2,824126;-36,23328;12,18764;47,92154
Platform Panic;14;2,826421;-36,23328;12,18764;47,92154
Platform Panic;14;2,828839;-36,23328;12,18764;47,92154
Platform Panic;14;2,831121;-36,23328;12,18764;47,92154
Platform Panic;14;2,832788;-36,23328;12,18764;47,92154
Platform Panic;14;2,834388;-36,23328;12,18764;47,92154
Platform Panic;14;2,835988;-36,23328;12,18764;47,92154
Platform Panic;14;2,837614;-36,23328;12,18764;47,92154
Platform Panic;14;2,841594;-36,23328;12,18764;47,92154
Platform Panic;14;2,843253;-36,23328;12,18764;47,92154
Platform Panic;14;2,844838;-36,23328;12,18764;47,92154
Platform Panic;14;2,846535;-36,23328;12,18764;47,92154
Platform Panic;14;2,848176;-36,23328;12,18764;47,92154
Platform Panic;14;2,849718;-36,23328;12,18764;47,92154
Platform Panic;14;2,851564;-36,23328;12,18764;47,92154
Platform Panic;14;2,853897;-36,23328;12,18764;47,92154
Platform Panic;14;2,856397;-36,23328;12,18764;47,92154
Platform Panic;14;2,858245;-36,23328;12,18764;47,92154
Platform Panic;14;2,860006;-36,23328;12,18764;47,92154
Platform Panic;14;2,86173;-36,23328;12,18764;47,92154
Platform Panic;14;2,863339;-36,23328;12,18764;47,92154
Platform Panic;14;2,864931;-36,23328;12,18764;47,92154
Platform Panic;14;2,866469;-36,23328;12,18764;47,92154
Platform Panic;14;2,867997;-36,23328;12,18764;47,92154
Platform Panic;14;2,869652;-36,23328;12,18764;47,92154
Platform Panic;14;2,872428;-36,23328;12,18764;47,92154
Platform Panic;14;2,875568;-36,23328;12,18764;47,92154
Platform Panic;14;2,878376;-36,23328;12,18764;47,92154
Platform Panic;14;2,881723;-36,23328;12,18764;47,92154
Platform Panic;14;2,885242;-36,23328;12,18764;47,92154
Platform Panic;14;2,888701;-36,23328;12,18764;47,92154
Platform Panic;14;2,891585;-36,23328;12,18764;47,92154
Platform Panic;14;2,893644;-36,23328;12,18764;47,92154
Platform Panic;14;2,896141;-36,23328;12,18764;47,92154
Platform Panic;14;2,898941;-36,23328;12,18764;47,92154
Platform Panic;14;2,90089;-36,23328;12,18764;47,92154
Platform Panic;14;2,902865;-36,23328;12,18764;47,92154
Platform Panic;14;2,905168;-36,23328;12,18764;47,92154
Platform Panic;14;2,907383;-36,23328;12,18764;47,92154
Platform Panic;14;2,90974;-36,23328;12,18764;47,92154
Platform Panic;14;2,912504;-36,23328;12,18764;47,92154
Platform Panic;14;2,914874;-36,23328;12,18764;47,92154
Platform Panic;14;2,917273;-36,23328;12,18764;47,92154
Platform Panic;14;2,920453;-36,23328;12,18764;47,92154
Platform Panic;14;2,9228;-36,23328;12,18764;47,92154
Platform Panic;14;2,925584;-36,23328;12,18764;47,92154
Platform Panic;14;2,927772;-36,23328;12,18764;47,92154
Platform Panic;14;2,92953;-36,23328;12,18764;47,92154
Platform Panic;14;2,931635;-36,23328;12,18764;47,92154
Platform Panic;14;2,933294;-36,23328;12,18764;47,92154
Platform Panic;14;2,934861;-36,23328;12,18764;47,92154
Platform Panic;14;2,936559;-36,23328;12,18764;47,92154
Platform Panic;14;2,938223;-36,23328;12,18764;47,92154
Platform Panic;14;2,939817;-36,23328;12,18764;47,92154
Platform Panic;14;2,941459;-36,23328;12,18764;47,92154
Platform Panic;14;2,943437;-36,23328;12,18764;47,92154
Platform Panic;14;2,945625;-36,23328;12,18764;47,92154
Platform Panic;14;2,947905;-36,23328;12,18764;47,92154
Platform Panic;14;2,949857;-36,23328;12,18764;47,92154
Platform Panic;14;2,953754;-36,23328;12,18764;47,92154
Platform Panic;14;2,956147;-36,23328;12,18764;47,92154
Platform Panic;14;2,958157;-36,23328;12,18764;47,92154
Platform Panic;14;2,960582;-36,23328;12,18764;47,92154
Platform Panic;14;2,962345;-36,23328;12,18764;47,92154
Platform Panic;14;2,963992;-36,23328;12,18764;47,92154
Platform Panic;14;2,965846;-36,23328;12,18764;47,92154
Platform Panic;14;2,968211;-36,23328;12,18764;47,92154
Platform Panic;14;2,970868;-36,23328;12,18764;47,92154
Platform Panic;14;2,972773;-36,23328;12,18764;47,92154
Platform Panic;14;2,974604;-36,23328;12,18764;47,92154
Platform Panic;14;2,976568;-36,23328;12,18764;47,92154
Platform Panic;14;2,978431;-36,23328;12,18764;47,92154
Platform Panic;14;2,98054;-36,23328;12,18764;47,92154
Platform Panic;14;2,982434;-36,23328;12,18764;47,92154
Platform Panic;14;2,985013;-36,23328;12,18764;47,92154
Platform Panic;14;2,987823;-36,23328;12,18764;47,92154
Platform Panic;14;2,990063;-36,23328;12,18764;47,92154
Platform Panic;14;2,993248;-36,23328;12,18764;47,92154
Platform Panic;14;2,99569;-36,23328;12,18764;47,92154
Platform Panic;14;2,997424;-36,23328;12,18764;47,92154
Platform Panic;14;2,999223;-36,23328;12,18764;47,92154
Platform Panic;14;3,00096;-36,23328;12,18764;47,92154
Platform Panic;14;3,002729;-36,23328;12,18764;47,92154
Platform Panic;14;3,004301;-36,23328;12,18764;47,92154
Platform Panic;14;3,005921;-36,23328;12,18764;47,92154
Platform Panic;14;3,008256;-36,23327;12,18764;47,92154
Platform Panic;14;3,010338;-36,23327;12,18764;47,92154
Platform Panic;14;3,012088;-36,23327;12,18764;47,92154
Platform Panic;14;3,013802;-36,23327;12,18764;47,92154
Platform Panic;14;3,015439;-36,23327;12,18764;47,92154
Platform Panic;14;3,017817;-36,23327;12,18764;47,92154
Platform Panic;14;3,019978;-36,23327;12,18764;47,92154
Platform Panic;14;3,022113;-36,23327;12,18764;47,92154
Platform Panic;14;3,024095;-36,23327;12,18764;47,92154
Platform Panic;14;3,025954;-36,23327;12,18764;47,92154
Platform Panic;14;3,027751;-36,23327;12,18764;47,92154
Platform Panic;14;3,029483;-36,23328;12,18764;47,92154
Platform Panic;14;3,031434;-36,23328;12,18764;47,92154
Platform Panic;14;3,033241;-36,23328;12,18764;47,92154
Platform Panic;14;3,034897;-36,23328;12,18764;47,92154
Platform Panic;14;3,036543;-36,23328;12,18764;47,92154
Platform Panic;14;3,040392;-36,23328;12,18764;47,92154
Platform Panic;14;3,042112;-36,23328;12,18764;47,92154
Platform Panic;14;3,04379;-36,23328;12,18764;47,92154
Platform Panic;14;3,045447;-36,23328;12,18764;47,92154
Platform Panic;14;3,04708;-36,23328;12,18764;47,92154
Platform Panic;14;3,049329;-36,23328;12,18764;47,92154
Platform Panic;14;3,052033;-36,23328;12,18764;47,92154
Platform Panic;14;3,053918;-36,23328;12,18764;47,92154
Platform Panic;14;3,055683;-36,23328;12,18764;47,92154
Platform Panic;14;3,057428;-36,23328;12,18764;47,92154
Platform Panic;14;3,059113;-36,23328;12,18764;47,92154
Platform Panic;14;3,060782;-36,23328;12,18764;47,92154
Platform Panic;14;3,062486;-36,23328;12,18764;47,92154
Platform Panic;14;3,06458;-36,23328;12,18764;47,92154
Platform Panic;14;3,06633;-36,23328;12,18764;47,92154
Platform Panic;14;3,067953;-36,23328;12,18764;47,92154
Platform Panic;14;3,0698;-36,23328;12,18764;47,92154
Platform Panic;14;3,07176;-36,23328;12,18764;47,92154
Platform Panic;14;3,073423;-36,23328;12,18764;47,92154
Platform Panic;14;3,07506;-36,23328;12,18764;47,92154
Platform Panic;14;3,076648;-36,23328;12,18764;47,92154
Platform Panic;14;3,078199;-36,23328;12,18764;47,92154
Platform Panic;14;3,079748;-36,23328;12,18764;47,92154
Platform Panic;14;3,081462;-36,23328;12,18764;47,92154
Platform Panic;14;3,08357;-36,23328;12,18764;47,92154
Platform Panic;14;3,085674;-36,23328;12,18764;47,92154
Platform Panic;14;3,087422;-36,23328;12,18764;47,92154
Platform Panic;14;3,08922;-36,23328;12,18764;47,92154
Platform Panic;14;3,091615;-36,23328;12,18764;47,92154
Platform Panic;14;3,093458;-36,23328;12,18764;47,92154
Platform Panic;14;3,095086;-36,23328;12,18764;47,92154
Platform Panic;14;3,097568;-36,23328;12,18764;47,92154
Platform Panic;14;3,099288;-36,23328;12,18764;47,92154
Platform Panic;14;3,100929;-36,23328;12,18764;47,92154
Platform Panic;14;3,102572;-36,23328;12,18764;47,92154
Platform Panic;14;3,104307;-36,23328;12,18764;47,92154
Platform Panic;14;3,105968;-36,23328;12,18764;47,92154
Platform Panic;14;3,107617;-36,23328;12,18764;47,92154
Platform Panic;14;3,109183;-36,23328;12,18764;47,92154
Platform Panic;14;3,111101;-36,23328;12,18764;47,92154
Platform Panic;14;3,11289;-36,23328;12,18764;47,92154
Platform Panic;14;3,114507;-36,23328;12,18764;47,92154
Platform Panic;14;3,11644;-36,23328;12,18764;47,92154
Platform Panic;14;3,118844;-36,23328;12,18764;47,92154
Platform Panic;14;3,120827;-36,23328;12,18764;47,92154
Platform Panic;14;3,122576;-36,23328;12,18764;47,92154
Platform Panic;14;3,124189;-36,23328;12,18764;47,92154
Platform Panic;14;3,1259;-36,23328;12,18764;47,92154
Platform Panic;14;3,127569;-36,23328;12,18764;47,92154
Platform Panic;14;3,12919;-36,23328;12,18764;47,92154
Platform Panic;14;3,131101;-36,23328;12,18764;47,92154
Platform Panic;14;3,132751;-36,23328;12,18764;47,92154
Platform Panic;14;3,134462;-36,23328;12,18764;47,92154
Platform Panic;14;3,13606;-36,23328;12,18764;47,92154
Platform Panic;14;3,137697;-36,23328;12,18764;47,92154
Platform Panic;14;3,139386;-36,23328;12,18764;47,92154
Platform Panic;14;3,140958;-36,23328;12,18764;47,92154
Platform Panic;14;3,142628;-36,23328;12,18764;47,92154
Platform Panic;14;3,144534;-36,23328;12,18764;47,92154
Platform Panic;14;3,146197;-36,23328;12,18764;47,92154
Platform Panic;14;3,147904;-36,23328;12,18764;47,92154
Platform Panic;14;3,149861;-36,23328;12,18764;47,92154
Platform Panic;14;3,152025;-36,23328;12,18764;47,92154
Platform Panic;14;3,153836;-36,23328;12,18764;47,92154
Platform Panic;14;3,15546;-36,23328;12,18764;47,92154
Platform Panic;14;3,157048;-36,23328;12,18764;47,92154
Platform Panic;14;3,159023;-36,23328;12,18764;47,92154
Platform Panic;14;3,161165;-36,23328;12,18764;47,92154
Platform Panic;14;3,163008;-36,23328;12,18764;47,92154
Platform Panic;14;3,164692;-36,23328;12,18764;47,92154
Platform Panic;14;3,166307;-36,23328;12,18764;47,92154
Platform Panic;14;3,167994;-36,23328;12,18764;47,92154
Platform Panic;14;3,169601;-36,23328;12,18764;47,92154
Platform Panic;14;3,171552;-36,23328;12,18764;47,92154
Platform Panic;14;3,173218;-36,23328;12,18764;47,92154
Platform Panic;14;3,174928;-36,23328;12,18764;47,92154
Platform Panic;14;3,176602;-36,23328;12,18764;47,92154
Platform Panic;14;3,178229;-36,23328;12,18764;47,92154
Platform Panic;14;3,179839;-36,23328;12,18764;47,92154
Platform Panic;14;3,181967;-36,23328;12,18764;47,92154
Platform Panic;14;3,18382;-36,23328;12,18764;47,92154
Platform Panic;14;3,185629;-36,23328;12,18764;47,92154
Platform Panic;14;3,187274;-36,23328;12,18764;47,92154
Platform Panic;14;3,189129;-36,23328;12,18764;47,92154
Platform Panic;14;3,191221;-36,23328;12,18764;47,92154
Platform Panic;14;3,193248;-36,23328;12,18764;47,92154
Platform Panic;14;3,195112;-36,23328;12,18764;47,92154
Platform Panic;14;3,196938;-36,23328;12,18764;47,92154
Platform Panic;14;3,198683;-36,23328;12,18764;47,92154
Platform Panic;14;3,200591;-36,23328;12,18764;47,92154
Platform Panic;14;3,202479;-36,23328;12,18764;47,92154
Platform Panic;14;3,204363;-36,23328;12,18764;47,92154
Platform Panic;14;3,206134;-36,23328;12,18764;47,92154
Platform Panic;14;3,21057;-36,23328;12,18764;47,92154
Platform Panic;14;3,212777;-36,23328;12,18764;47,92154
Platform Panic;14;3,215208;-36,23328;12,18764;47,92154
Platform Panic;14;3,217862;-36,23328;12,18764;47,92154
Platform Panic;14;3,220418;-36,23328;12,18764;47,92154
Platform Panic;14;3,22307;-36,23328;12,18764;47,92154
Platform Panic;14;3,225303;-36,23328;12,18764;47,92154
Platform Panic;14;3,227347;-36,23328;12,18764;47,92154
Platform Panic;14;3,229513;-36,23328;12,18764;47,92154
Platform Panic;14;3,232079;-36,23328;12,18764;47,92154
Platform Panic;14;3,23429;-36,23328;12,18764;47,92154
Platform Panic;14;3,236557;-36,23328;12,18764;47,92154
Platform Panic;14;3,238912;-36,23328;12,18764;47,92154
Platform Panic;14;3,240821;-36,23328;12,18764;47,92154
Platform Panic;14;3,242543;-36,23328;12,18764;47,92154
Platform Panic;14;3,244175;-36,23328;12,18764;47,92154
Platform Panic;14;3,24593;-36,23328;12,18764;47,92154
Platform Panic;14;3,247866;-36,23328;12,18764;47,92154
Platform Panic;14;3,249871;-36,23328;12,18764;47,92154
Platform Panic;14;3,25202;-36,23328;12,18764;47,92154
Platform Panic;14;3,253767;-36,23328;12,18764;47,92154
Platform Panic;14;3,255479;-36,23328;12,18764;47,92154
Platform Panic;14;3,257455;-36,23328;12,18764;47,92154
Platform Panic;14;3,259448;-36,23328;12,18764;47,92154
Platform Panic;14;3,261118;-36,23328;12,18764;47,92154
Platform Panic;14;3,263609;-36,23328;12,18764;47,92154
Platform Panic;14;3,266078;-36,23328;12,18764;47,92154
Platform Panic;14;3,269578;-36,23328;12,18764;47,92154
Platform Panic;14;3,274083;-36,23328;12,18764;47,92154
Platform Panic;14;3,277059;-36,23328;12,18764;47,92154
Platform Panic;14;3,281057;-36,23328;12,18764;47,92154
Platform Panic;14;3,285962;-36,23328;12,18764;47,92154
Platform Panic;14;3,289275;-36,23328;12,18764;47,92154
Platform Panic;14;3,291734;-36,23328;12,18764;47,92154
Platform Panic;14;3,293868;-36,23328;12,18764;47,92154
Platform Panic;14;3,295892;-36,23328;12,18764;47,92154
Platform Panic;14;3,298022;-36,23328;12,18764;47,92154
Platform Panic;14;3,29992;-36,23328;12,18764;47,92154
Platform Panic;14;3,301686;-36,23328;12,18764;47,92154
Platform Panic;14;3,303492;-36,23328;12,18764;47,92154
Platform Panic;14;3,30525;-36,23328;12,18764;47,92154
Platform Panic;14;3,306946;-36,23328;12,18764;47,92154
Platform Panic;14;3,308583;-36,23328;12,18764;47,92154
Platform Panic;14;3,310554;-36,23328;12,18764;47,92154
Platform Panic;14;3,312567;-36,23328;12,18764;47,92154
Platform Panic;14;3,315034;-36,23328;12,18764;47,92154
Platform Panic;14;3,317039;-36,23328;12,18764;47,92154
Platform Panic;14;3,318798;-36,23328;12,18764;47,92154
Platform Panic;14;3,320572;-36,23328;12,18764;47,92154
Platform Panic;14;3,322262;-36,23328;12,18764;47,92154
Platform Panic;14;3,323851;-36,23328;12,18764;47,92154
Platform Panic;14;3,325495;-36,23328;12,18764;47,92154
Platform Panic;14;3,327401;-36,23328;12,18764;47,92154
Platform Panic;14;3,329175;-36,23328;12,18764;47,92154
Platform Panic;14;3,331075;-36,23328;12,18764;47,92154
Platform Panic;14;3,333112;-36,23328;12,18764;47,92154
Platform Panic;14;3,334996;-36,23328;12,18764;47,92154
Platform Panic;14;3,336785;-36,23328;12,18764;47,92154
Platform Panic;14;3,338387;-36,23328;12,18764;47,92154
Platform Panic;14;3,339995;-36,23328;12,18764;47,92154
Platform Panic;14;3,341584;-36,23328;12,18764;47,92154
Platform Panic;14;3,343259;-36,23328;12,18764;47,92154
Platform Panic;14;3,345125;-36,23328;12,18764;47,92154
Platform Panic;14;3,347269;-36,23328;12,18764;47,92154
Platform Panic;14;3,349149;-36,23328;12,18764;47,92154
Platform Panic;14;3,35123;-36,23328;12,18764;47,92154
Platform Panic;14;3,353055;-36,23328;12,18764;47,92154
Platform Panic;14;3,354893;-36,23328;12,18764;47,92154
Platform Panic;14;3,356628;-36,23328;12,18764;47,92154
Platform Panic;14;3,358632;-36,23328;12,18764;47,92154
Platform Panic;14;3,691966;-36,23328;12,18764;47,92154
Platform Panic;14;3,711137;-36,23328;12,18764;47,92154
Platform Panic;14;3,716054;-36,23328;12,18764;47,92154
Platform Panic;14;3,719827;-36,23328;12,18764;47,92154
Platform Panic;14;3,722729;-36,23328;12,18764;47,92154
Platform Panic;14;3,725346;-36,23328;12,18764;47,92154
Platform Panic;14;3,72821;-36,23328;12,18764;47,92154
Platform Panic;14;3,732442;-36,23328;12,18764;47,92154
Platform Panic;14;3,734659;-36,23328;12,18764;47,92154
Platform Panic;14;3,736591;-36,23328;12,18764;47,92154
Platform Panic;14;3,738428;-36,23328;12,18764;47,92154
Platform Panic;14;3,740322;-36,23328;12,18764;47,92154
Platform Panic;14;3,742381;-36,23328;12,18764;47,92154
Platform Panic;14;3,744185;-36,23328;12,18764;47,92154
Platform Panic;14;3,746026;-36,23328;12,18764;47,92154
Platform Panic;14;3,747823;-36,23328;12,18764;47,92154
Platform Panic;14;3,750185;-36,23328;12,18764;47,92154
Platform Panic;14;3,753386;-36,23328;12,18764;47,92154
Platform Panic;14;3,75557;-36,23328;12,18764;47,92154
Platform Panic;14;3,758002;-36,23328;12,18764;47,92154
Platform Panic;14;3,760392;-36,23328;12,18764;47,92154
Platform Panic;14;3,762623;-36,23328;12,18764;47,92154
Platform Panic;14;3,765245;-36,23328;12,18764;47,92154
Platform Panic;14;3,767867;-36,23328;12,18764;47,92154
Platform Panic;14;3,770271;-36,23328;12,18764;47,92154
Platform Panic;14;3,773116;-36,23328;12,18764;47,92154
Platform Panic;14;3,775398;-36,23328;12,18764;47,92154
Platform Panic;14;3,777358;-36,23328;12,18764;47,92154
Platform Panic;14;3,781188;-36,23328;12,18764;47,92154
Platform Panic;14;3,783982;-36,23328;12,18764;47,92154
Platform Panic;14;3,78672;-36,23328;12,18764;47,92154
Platform Panic;14;3,789713;-36,23328;12,18764;47,92154
Platform Panic;14;3,793234;-36,23328;12,18764;47,92154
Platform Panic;14;3,795369;-36,23328;12,18764;47,92154
Platform Panic;14;3,797514;-36,23328;12,18764;47,92154
Platform Panic;14;3,799766;-36,23328;12,18764;47,92154
Platform Panic;14;3,802024;-36,23328;12,18764;47,92154
Platform Panic;14;3,804311;-36,23328;12,18764;47,92154
Platform Panic;14;3,806222;-36,23328;12,18764;47,92154
Platform Panic;14;3,808102;-36,23328;12,18764;47,92154
Platform Panic;14;3,809903;-36,23328;12,18764;47,92154
Platform Panic;14;3,812319;-36,23328;12,18764;47,92154
Platform Panic;14;3,814367;-36,23328;12,18764;47,92154
Platform Panic;14;3,816789;-36,23328;12,18764;47,92154
Platform Panic;14;3,818814;-36,23328;12,18764;47,92154
Platform Panic;14;3,820973;-36,23328;12,18764;47,92154
Platform Panic;14;3,822912;-36,23328;12,18764;47,92154
Platform Panic;14;3,824814;-36,23328;12,18764;47,92154
Platform Panic;14;3,826787;-36,23328;12,18764;47,92154
Platform Panic;14;3,82932;-36,23328;12,18764;47,92154
Platform Panic;14;3,831756;-36,23328;12,18764;47,92154
Platform Panic;14;3,833687;-36,23328;12,18764;47,92154
Platform Panic;14;3,836025;-36,23328;12,18764;47,92154
Platform Panic;14;3,838456;-36,23328;12,18764;47,92154
Platform Panic;14;3,840434;-36,23328;12,18764;47,92154
Platform Panic;14;3,842453;-36,23328;12,18764;47,92154
Platform Panic;14;3,844908;-36,23328;12,18764;47,92154
Platform Panic;14;3,846999;-36,23328;12,18764;47,92154
Platform Panic;14;3,850031;-36,23328;12,18764;47,92154
Platform Panic;14;3,853144;-36,23328;12,18764;47,92154
Platform Panic;14;3,855277;-36,23328;12,18764;47,92154
Platform Panic;14;3,858037;-36,23328;12,18764;47,92154
Platform Panic;14;3,861034;-36,23328;12,18764;47,92154
Platform Panic;14;3,863111;-36,23328;12,18764;47,92154
Platform Panic;14;3,865397;-36,23328;12,18764;47,92154
Platform Panic;14;3,867343;-36,23328;12,18764;47,92154
Platform Panic;14;3,870075;-36,23328;12,18764;47,92154
Platform Panic;14;3,872335;-36,23328;12,18764;47,92154
Platform Panic;14;3,874254;-36,23328;12,18764;47,92154
Platform Panic;14;3,877061;-36,23328;12,18764;47,92154
Platform Panic;14;3,879508;-36,23328;12,18764;47,92154
Platform Panic;14;3,88317;-36,23328;12,18764;47,92154
Platform Panic;14;3,887144;-36,23328;12,18764;47,92154
Platform Panic;14;3,88949;-36,23328;12,18764;47,92154
Platform Panic;14;3,892448;-36,23328;12,18764;47,92154
Platform Panic;14;3,894496;-36,23328;12,18764;47,92154
Platform Panic;14;3,896745;-36,23328;12,18764;47,92154
Platform Panic;14;3,898928;-36,23328;12,18764;47,92154
Platform Panic;14;3,901188;-36,23328;12,18764;47,92154
Platform Panic;14;3,903045;-36,23328;12,18764;47,92154
Platform Panic;14;3,905196;-36,23328;12,18764;47,92154
Platform Panic;14;3,907392;-36,23328;12,18764;47,92154
Platform Panic;14;3,909654;-36,23328;12,18764;47,92154
Platform Panic;14;3,912106;-36,23328;12,18764;47,92154
Platform Panic;14;3,914704;-36,23328;12,18764;47,92154
Platform Panic;14;3,918079;-36,23328;12,18764;47,92154
Platform Panic;14;3,920726;-36,23328;12,18764;47,92154
Platform Panic;14;3,9259;-36,23328;12,18764;47,92154
Platform Panic;14;3,928679;-36,23328;12,18764;47,92154
Platform Panic;14;3,93118;-36,23328;12,18764;47,92154
Platform Panic;14;3,934066;-36,23328;12,18764;47,92154
Platform Panic;14;3,93665;-36,23328;12,18764;47,92154
Platform Panic;14;3,93971;-36,23328;12,18764;47,92154
Platform Panic;14;3,942411;-36,23328;12,18764;47,92154
Platform Panic;14;3,945312;-36,23328;12,18764;47,92154
Platform Panic;14;3,948078;-36,23328;12,18764;47,92154
Platform Panic;14;3,951251;-36,23328;12,18764;47,92154
Platform Panic;14;3,954447;-36,23328;12,18764;47,92154
Platform Panic;14;3,956769;-36,23328;12,18764;47,92154
Platform Panic;14;3,959202;-36,23328;12,18764;47,92154
Platform Panic;14;3,962265;-36,23328;12,18764;47,92154
Platform Panic;14;3,96466;-36,23328;12,18764;47,92154
Platform Panic;14;3,966985;-36,23328;12,18764;47,92154
Platform Panic;14;3,969476;-36,23328;12,18764;47,92154
Platform Panic;14;3,972045;-36,23328;12,18764;47,92154
Platform Panic;14;3,974577;-36,23328;12,18764;47,92154
Platform Panic;14;3,97756;-36,23328;12,18764;47,92154
Platform Panic;14;3,979977;-36,23328;12,18764;47,92154
Platform Panic;14;3,983285;-36,23328;12,18764;47,92154
Platform Panic;14;3,985974;-36,23328;12,18764;47,92154
Platform Panic;14;3,988639;-36,23328;12,18764;47,92154
Platform Panic;14;3,991179;-36,23328;12,18764;47,92154
Platform Panic;14;3,993289;-36,23328;12,18764;47,92154
Platform Panic;14;3,995869;-36,23328;12,18764;47,92154
Platform Panic;14;3,998616;-36,23328;12,18764;47,92154
Platform Panic;14;4,001093;-36,23328;12,18764;47,92154
Platform Panic;14;4,003913;-36,23328;12,18764;47,92154
Platform Panic;14;4,006602;-36,23328;12,18764;47,92154
Platform Panic;14;4,008846;-36,23328;12,18764;47,92154
Platform Panic;14;4,011304;-36,23328;12,18764;47,92154
Platform Panic;14;4,017987;-36,23328;12,18764;47,92154
Platform Panic;14;4,02255;-36,23328;12,18764;47,92154
Platform Panic;14;4,025718;-36,23328;12,18764;47,92154
Platform Panic;14;4,027993;-36,23328;12,18764;47,92154
Platform Panic;14;4,031199;-36,23328;12,18764;47,92154
Platform Panic;14;4,034303;-36,23328;12,18764;47,92154
Platform Panic;14;4,037191;-36,23328;12,18764;47,92154
Platform Panic;14;4,03967;-36,23328;12,18764;47,92154
Platform Panic;14;4,042473;-36,23328;12,18764;47,92154
Platform Panic;14;4,045175;-36,23328;12,18764;47,92154
Platform Panic;14;4,047665;-36,23328;12,18764;47,92154
Platform Panic;14;4,051091;-36,23328;12,18764;47,92154
Platform Panic;14;4,054266;-36,23328;12,18764;47,92154
Platform Panic;14;4,056677;-36,23328;12,18764;47,92154
Platform Panic;14;4,05875;-36,23328;12,18764;47,92154
Platform Panic;14;4,06084;-36,23328;12,18764;47,92154
Platform Panic;14;4,063185;-36,23328;12,18764;47,92154
Platform Panic;14;4,06543;-36,23328;12,18764;47,92154
Platform Panic;14;4,067533;-36,23328;12,18764;47,92154
Platform Panic;14;4,070127;-36,23328;12,18764;47,92154
Platform Panic;14;4,07244;-36,23328;12,18764;47,92154
Platform Panic;14;4,074741;-36,23328;12,18764;47,92154
Platform Panic;14;4,077077;-36,23328;12,18764;47,92154
Platform Panic;14;4,079236;-36,23328;12,18764;47,92154
Platform Panic;14;4,081595;-36,23328;12,18764;47,92154
Platform Panic;14;4,083988;-36,23328;12,18764;47,92154
Platform Panic;14;4,086686;-36,23328;12,18764;47,92154
Platform Panic;14;4,088899;-36,23328;12,18764;47,92154
Platform Panic;14;4,09143;-36,23328;12,18764;47,92154
Platform Panic;14;4,094094;-36,23328;12,18764;47,92154
Platform Panic;14;4,096283;-36,23328;12,18764;47,92154
Platform Panic;14;4,098472;-36,23328;12,18764;47,92154
Platform Panic;14;4,100598;-36,23328;12,18764;47,92154
Platform Panic;14;4,102808;-36,23328;12,18764;47,92154
Platform Panic;14;4,105203;-36,23328;12,18764;47,92154
Platform Panic;14;4,107248;-36,23328;12,18764;47,92154
Platform Panic;14;4,112077;-36,23328;12,18764;47,92153
