Platform Panic;15;0,0031843;4,816091;-51,19178;29,95507
Platform Panic;15;0,0063686;-36,23328;24,45;47,92156
Platform Panic;15;0,0263686;-36,23328;24,44946;47,92156
Platform Panic;15;0,038831;-36,23328;24,44946;47,92156
Platform Panic;15;0,0418497;-36,23328;24,44946;47,92156
Platform Panic;15;0,0444581;-36,23328;24,44577;47,92156
Platform Panic;15;0,0470245;-36,23328;24,44577;47,92156
Platform Panic;15;0,049046;-36,23328;24,44577;47,92156
Platform Panic;15;0,0509492;-36,23328;24,44577;47,92156
Platform Panic;15;0,0528169;-36,23328;24,44577;47,92156
Platform Panic;15;0,0548074;-36,23328;24,44577;47,92156
Platform Panic;15;0,0573659;-36,23328;24,44577;47,92156
Platform Panic;15;0,0592331;-36,23328;24,44577;47,92156
Platform Panic;15;0,0615353;-36,23328;24,44577;47,92156
Platform Panic;15;0,064626;-36,23328;24,43774;47,92156
Platform Panic;15;0,0669429;-36,23328;24,43774;47,92156
Platform Panic;15;0,0688626;-36,23328;24,43774;47,92156
Platform Panic;15;0,070809;-36,23328;24,43774;47,92156
Platform Panic;15;0,0725922;-36,23328;24,43774;47,92156
Platform Panic;15;0,0744499;-36,23328;24,43774;47,92156
Platform Panic;15;0,0767354;-36,23328;24,43774;47,92156
Platform Panic;15;0,0788158;-36,23328;24,43774;47,92156
Platform Panic;15;0,08068211;-36,23328;24,43774;47,92156
Platform Panic;15;0,08254461;-36,23328;24,43774;47,92156
Platform Panic;15;0,08441641;-36,23328;24,4261;47,92157
Platform Panic;15;0,08654421;-36,23328;24,4261;47,92157
Platform Panic;15;0,0884636;-36,23328;24,4261;47,92157
Platform Panic;15;0,0904574;-36,23328;24,4261;47,92157
Platform Panic;15;0,0924864;-36,23328;24,4261;47,92157
Platform Panic;15;0,0946591;-36,23328;24,4261;47,92157
Platform Panic;15;0,09665681;-36,23328;24,4261;47,92157
Platform Panic;15;0,09875571;-36,23328;24,4261;47,92157
Platform Panic;15;0,1006979;-36,23328;24,4261;47,92157
Platform Panic;15;0,1025842;-36,23328;24,4261;47,92157
Platform Panic;15;0,1049551;-36,23328;24,40999;47,92156
Platform Panic;15;0,1074214;-36,23328;24,40999;47,92156
Platform Panic;15;0,1093374;-36,23328;24,40999;47,92156
Platform Panic;15;0,1112398;-36,23328;24,40999;47,92156
Platform Panic;15;0,1130602;-36,23328;24,40999;47,92156
Platform Panic;15;0,1148499;-36,23328;24,40999;47,92156
Platform Panic;15;0,1168656;-36,23328;24,40999;47,92156
Platform Panic;15;0,1187282;-36,23328;24,40999;47,92156
Platform Panic;15;0,1205229;-36,23328;24,40999;47,92156
Platform Panic;15;0,1223608;-36,23328;24,40999;47,92156
Platform Panic;15;0,1243432;-36,23328;24,39121;47,92156
Platform Panic;15;0,1273185;-36,23328;24,39121;47,92156
Platform Panic;15;0,1295521;-36,23328;24,39121;47,92156
Platform Panic;15;0,1318091;-36,23328;24,39121;47,92156
Platform Panic;15;0,1338761;-36,23328;24,39121;47,92156
Platform Panic;15;0,1358573;-36,23328;24,39121;47,92156
Platform Panic;15;0,1385355;-36,23328;24,39121;47,92156
Platform Panic;15;0,1410179;-36,23328;24,39121;47,92156
Platform Panic;15;0,1430248;-36,23328;24,39121;47,92156
Platform Panic;15;0,1450119;-36,23328;24,36717;47,92156
Platform Panic;15;0,1472102;-36,23328;24,36717;47,92156
Platform Panic;15;0,1491889;-36,23328;24,36717;47,92156
Platform Panic;15;0,1514767;-36,23328;24,36717;47,92156
Platform Panic;15;0,1535108;-36,23328;24,36717;47,92156
Platform Panic;15;0,1554014;-36,23328;24,36717;47,92156
Platform Panic;15;0,1576509;-36,23328;24,36717;47,92156
Platform Panic;15;0,1603459;-36,23328;24,36717;47,92156
Platform Panic;15;0,1630138;-36,23328;24,36717;47,92156
Platform Panic;15;0,1654468;-36,23328;24,3395;47,92156
Platform Panic;15;0,1681079;-36,23328;24,3395;47,92156
Platform Panic;15;0,1700091;-36,23328;24,3395;47,92156
Platform Panic;15;0,1720317;-36,23328;24,3395;47,92156
Platform Panic;15;0,1738766;-36,23328;24,3395;47,92156
Platform Panic;15;0,175673;-36,23328;24,3395;47,92156
Platform Panic;15;0,1774442;-36,23328;24,3395;47,92156
Platform Panic;15;0,1795563;-36,23328;24,3395;47,92156
Platform Panic;15;0,1814858;-36,23328;24,3395;47,92156
Platform Panic;15;0,1832971;-36,23328;24,3395;47,92156
Platform Panic;15;0,1853494;-36,23328;24,30886;47,92157
Platform Panic;15;0,1877816;-36,23328;24,30886;47,92157
Platform Panic;15;0,1936042;-36,23328;24,30886;47,92157
Platform Panic;15;0,196254;-36,23328;24,30886;47,92157
Platform Panic;15;0,1985991;-36,23328;24,30886;47,92157
Platform Panic;15;0,201262;-36,23328;24,30886;47,92157
Platform Panic;15;0,2037716;-36,23328;24,27736;47,92156
Platform Panic;15;0,2062986;-36,23328;24,27736;47,92156
Platform Panic;15;0,2083432;-36,23328;24,27736;47,92156
Platform Panic;15;0,210274;-36,23328;24,27736;47,92156
Platform Panic;15;0,2122639;-36,23328;24,27736;47,92156
Platform Panic;15;0,214169;-36,23328;24,27736;47,92156
Platform Panic;15;0,2162288;-36,23328;24,27736;47,92156
Platform Panic;15;0,2182999;-36,23328;24,27736;47,92156
Platform Panic;15;0,2200794;-36,23328;24,27736;47,92156
Platform Panic;15;0,2224377;-36,23328;24,27736;47,92156
Platform Panic;15;0,2247562;-36,23328;24,23744;47,92156
Platform Panic;15;0,2270394;-36,23328;24,23744;47,92156
Platform Panic;15;0,2293039;-36,23328;24,23744;47,92156
Platform Panic;15;0,2315425;-36,23328;24,23744;47,92156
Platform Panic;15;0,2336862;-36,23328;24,23744;47,92156
Platform Panic;15;0,2357926;-36,23328;24,23744;47,92156
Platform Panic;15;0,2378105;-36,23328;24,23744;47,92156
Platform Panic;15;0,2396897;-36,23328;24,23744;47,92156
Platform Panic;15;0,241557;-36,23328;24,23744;47,92156
Platform Panic;15;0,2434023;-36,23328;24,23744;47,92156
Platform Panic;15;0,245361;-36,23328;24,19438;47,92156
Platform Panic;15;0,2475054;-36,23328;24,19438;47,92156
Platform Panic;15;0,249353;-36,23328;24,19438;47,92156
Platform Panic;15;0,2511482;-36,23328;24,19438;47,92156
Platform Panic;15;0,2528585;-36,23328;24,19438;47,92156
Platform Panic;15;0,2550287;-36,23328;24,19438;47,92156
Platform Panic;15;0,2580248;-36,23328;24,19438;47,92156
Platform Panic;15;0,2601933;-36,23328;24,19438;47,92156
Platform Panic;15;0,262098;-36,23328;24,19438;47,92156
Platform Panic;15;0,2640407;-36,23328;24,15217;47,92156
Platform Panic;15;0,2661688;-36,23328;24,15217;47,92156
Platform Panic;15;0,268287;-36,23328;24,15217;47,92156
Platform Panic;15;0,2701299;-36,23328;24,15217;47,92156
Platform Panic;15;0,2719208;-36,23328;24,15217;47,92156
Platform Panic;15;0,2737316;-36,23328;24,15217;47,92156
Platform Panic;15;0,2755327;-36,23328;24,15217;47,92156
Platform Panic;15;0,2774437;-36,23328;24,15217;47,92156
Platform Panic;15;0,2793295;-36,23328;24,15217;47,92156
Platform Panic;15;0,2811565;-36,23328;24,15217;47,92156
Platform Panic;15;0,2829685;-36,23328;24,15217;47,92156
Platform Panic;15;0,2848502;-36,23328;24,10126;47,92156
Platform Panic;15;0,2880436;-36,23328;24,10126;47,92156
Platform Panic;15;0,2904066;-36,23328;24,10126;47,92156
Platform Panic;15;0,2923622;-36,23328;24,10126;47,92156
Platform Panic;15;0,2942089;-36,23328;24,10126;47,92156
Platform Panic;15;0,2960041;-36,23328;24,10126;47,92156
Platform Panic;15;0,2980638;-36,23328;24,10126;47,92156
Platform Panic;15;0,3002641;-36,23328;24,10126;47,92156
Platform Panic;15;0,3022113;-36,23328;24,10126;47,92156
Platform Panic;15;0,3040726;-36,23328;24,05093;47,92156
Platform Panic;15;0,306134;-36,23328;24,05093;47,92156
Platform Panic;15;0,3079498;-36,23328;24,05093;47,92156
Platform Panic;15;0,3097151;-36,23328;24,05093;47,92156
Platform Panic;15;0,3114927;-36,23328;24,05093;47,92156
Platform Panic;15;0,3132563;-36,23328;24,05093;47,92156
Platform Panic;15;0,3151985;-36,23328;24,05093;47,92156
Platform Panic;15;0,3170747;-36,23328;24,05093;47,92156
Platform Panic;15;0,3193724;-36,23328;24,05093;47,92156
Platform Panic;15;0,3215136;-36,23328;24,05093;47,92156
Platform Panic;15;0,3234681;-36,23328;24,05093;47,92156
Platform Panic;15;0,3256902;-36,23328;23,9902;47,92157
Platform Panic;15;0,3279409;-36,23328;23,9902;47,92157
Platform Panic;15;0,3297845;-36,23328;23,9902;47,92157
Platform Panic;15;0,3316394;-36,23328;23,9902;47,92157
Platform Panic;15;0,3334831;-36,23328;23,9902;47,92157
Platform Panic;15;0,3354482;-36,23328;23,9902;47,92157
Platform Panic;15;0,3373093;-36,23328;23,9902;47,92157
Platform Panic;15;0,3391653;-36,23328;23,9902;47,92157
Platform Panic;15;0,341033;-36,23328;23,9902;47,92157
Platform Panic;15;0,3429544;-36,23328;23,9902;47,92157
Platform Panic;15;0,3447314;-36,23328;23,93348;47,92156
Platform Panic;15;0,3467942;-36,23328;23,93348;47,92156
Platform Panic;15;0,3486302;-36,23328;23,93348;47,92156
Platform Panic;15;0,3504375;-36,23328;23,93348;47,92156
Platform Panic;15;0,3528745;-36,23328;23,93348;47,92156
Platform Panic;15;0,355335;-36,23328;23,93348;47,92156
Platform Panic;15;0,3573627;-36,23328;23,93348;47,92156
Platform Panic;15;0,3592811;-36,23328;23,93348;47,92156
Platform Panic;15;0,3611511;-36,23328;23,93348;47,92156
Platform Panic;15;0,3630613;-36,23328;23,93348;47,92156
Platform Panic;15;0,3648917;-36,23328;23,86987;47,92156
Platform Panic;15;0,3669812;-36,23328;23,86987;47,92156
Platform Panic;15;0,3688454;-36,23328;23,86987;47,92156
Platform Panic;15;0,3706533;-36,23328;23,86987;47,92156
Platform Panic;15;0,3725453;-36,23328;23,86987;47,92156
Platform Panic;15;0,3743488;-36,23328;23,86987;47,92156
Platform Panic;15;0,3786049;-36,23328;23,86987;47,92156
Platform Panic;15;0,3805741;-36,23328;23,86987;47,92156
Platform Panic;15;0,3825417;-36,23328;23,86987;47,92156
Platform Panic;15;0,3848328;-36,23328;23,8035;47,92157
Platform Panic;15;0,3872219;-36,23328;23,8035;47,92157
Platform Panic;15;0,3892844;-36,23328;23,8035;47,92157
Platform Panic;15;0,3911542;-36,23328;23,8035;47,92157
Platform Panic;15;0,393024;-36,23328;23,8035;47,92157
Platform Panic;15;0,3949968;-36,23328;23,8035;47,92157
Platform Panic;15;0,3971045;-36,23328;23,8035;47,92157
Platform Panic;15;0,3992532;-36,23328;23,8035;47,92157
Platform Panic;15;0,4013034;-36,23328;23,8035;47,92157
Platform Panic;15;0,4033251;-36,23328;23,8035;47,92157
Platform Panic;15;0,4053934;-36,23328;23,73141;47,92156
Platform Panic;15;0,4074981;-36,23328;23,73141;47,92156
Platform Panic;15;0,4093799;-36,23328;23,73141;47,92156
Platform Panic;15;0,4113992;-36,23328;23,73141;47,92156
Platform Panic;15;0,4135996;-36,23328;23,73141;47,92156
Platform Panic;15;0,4156827;-36,23328;23,73141;47,92156
Platform Panic;15;0,4183491;-36,23328;23,73141;47,92156
Platform Panic;15;0,4205783;-36,23328;23,73141;47,92156
Platform Panic;15;0,4227174;-36,23328;23,73141;47,92156
Platform Panic;15;0,4249277;-36,23328;23,65963;47,92156
Platform Panic;15;0,427129;-36,23328;23,65963;47,92156
Platform Panic;15;0,4290055;-36,23328;23,65963;47,92156
Platform Panic;15;0,4308465;-36,23328;23,65963;47,92156
Platform Panic;15;0,4327351;-36,23328;23,65963;47,92156
Platform Panic;15;0,4346177;-36,23328;23,65963;47,92156
Platform Panic;15;0,4366683;-36,23328;23,65963;47,92156
Platform Panic;15;0,438879;-36,23328;23,65963;47,92156
Platform Panic;15;0,440899;-36,23328;23,65963;47,92156
Platform Panic;15;0,4429726;-36,23328;23,65963;47,92156
Platform Panic;15;0,4451761;-36,23328;23,58174;47,92156
Platform Panic;15;0,4475502;-36,23328;23,58174;47,92156
Platform Panic;15;0,4510175;-36,23328;23,58174;47,92156
Platform Panic;15;0,4540811;-36,23328;23,58174;47,92156
Platform Panic;15;0,4563063;-36,23328;23,58174;47,92156
Platform Panic;15;0,4583876;-36,23328;23,58174;47,92156
Platform Panic;15;0,4603515;-36,23328;23,58174;47,92156
Platform Panic;15;0,462231;-36,23328;23,58174;47,92156
Platform Panic;15;0,4640948;-36,23328;23,50592;47,92156
Platform Panic;15;0,4661857;-36,23328;23,50592;47,92156
Platform Panic;15;0,4680566;-36,23328;23,50592;47,92156
Platform Panic;15;0,4698642;-36,23328;23,50592;47,92156
Platform Panic;15;0,471694;-36,23328;23,50592;47,92156
Platform Panic;15;0,4734985;-36,23328;23,50592;47,92156
Platform Panic;15;0,4754326;-36,23328;23,50592;47,92156
Platform Panic;15;0,4772414;-36,23328;23,50592;47,92156
Platform Panic;15;0,479113;-36,23328;23,50592;47,92156
Platform Panic;15;0,4815983;-36,23328;23,50592;47,92156
Platform Panic;15;0,4841151;-36,23328;23,42232;47,92156
Platform Panic;15;0,4868582;-36,23328;23,42232;47,92156
Platform Panic;15;0,4889442;-36,23328;23,42232;47,92156
Platform Panic;15;0,4909718;-36,23328;23,42232;47,92156
Platform Panic;15;0,4931629;-36,23328;23,42232;47,92156
Platform Panic;15;0,4951229;-36,23328;23,42232;47,92156
Platform Panic;15;0,4974545;-36,23328;23,42232;47,92156
Platform Panic;15;0,4995195;-36,23328;23,42232;47,92156
Platform Panic;15;0,501371;-36,23328;23,42232;47,92156
Platform Panic;15;0,5033057;-36,23328;23,42232;47,92156
Platform Panic;15;0,5053303;-36,23328;23,32998;47,92156
Platform Panic;15;0,5074108;-36,23328;23,32998;47,92156
Platform Panic;15;0,5092386;-36,23328;23,32998;47,92156
Platform Panic;15;0,5110241;-36,23328;23,32998;47,92156
Platform Panic;15;0,5134765;-36,23328;23,32998;47,92156
Platform Panic;15;0,5164404;-36,23328;23,32998;47,92156
Platform Panic;15;0,5184725;-36,23328;23,32998;47,92156
Platform Panic;15;0,5207669;-36,23328;23,32998;47,92156
Platform Panic;15;0,5228435;-36,23328;23,32998;47,92156
Platform Panic;15;0,5247875;-36,23328;23,24212;47,92156
Platform Panic;15;0,526997;-36,23328;23,24212;47,92156
Platform Panic;15;0,5291605;-36,23328;23,24212;47,92156
Platform Panic;15;0,5309843;-36,23328;23,24212;47,92156
Platform Panic;15;0,5328304;-36,23328;23,24212;47,92156
Platform Panic;15;0,5346676;-36,23328;23,24212;47,92156
Platform Panic;15;0,5368013;-36,23328;23,24212;47,92156
Platform Panic;15;0,5386018;-36,23328;23,24212;47,92156
Platform Panic;15;0,540471;-36,23328;23,24212;47,92156
Platform Panic;15;0,5422724;-36,23328;23,24212;47,92156
Platform Panic;15;0,5441602;-36,23328;23,15155;47,92156
Platform Panic;15;0,547311;-36,23328;23,15155;47,92156
Platform Panic;15;0,5498882;-36,23328;23,15155;47,92156
Platform Panic;15;0,5518531;-36,23328;23,15155;47,92156
Platform Panic;15;0,5540979;-36,23328;23,15155;47,92156
Platform Panic;15;0,5559946;-36,23328;23,15155;47,92156
Platform Panic;15;0,5578704;-36,23328;23,15155;47,92156
Platform Panic;15;0,5597126;-36,23328;23,15155;47,92156
Platform Panic;15;0,5620317;-36,23328;23,15155;47,92156
Platform Panic;15;0,5638767;-36,23328;23,05618;47,92156
Platform Panic;15;0,5688391;-36,23328;23,05618;47,92156
Platform Panic;15;0,5711209;-36,23328;23,05618;47,92156
Platform Panic;15;0,5729842;-36,23328;23,05618;47,92156
Platform Panic;15;0,5750072;-36,23328;23,05618;47,92156
Platform Panic;15;0,5772035;-36,23328;23,05618;47,92156
Platform Panic;15;0,5801211;-36,23328;23,05618;47,92156
Platform Panic;15;0,5824132;-36,23328;23,05618;47,92156
Platform Panic;15;0,5846659;-36,23328;22,95211;47,92156
Platform Panic;15;0,5868192;-36,23328;22,95211;47,92156
Platform Panic;15;0,5887139;-36,23328;22,95211;47,92156
Platform Panic;15;0,5910522;-36,23328;22,95211;47,92156
Platform Panic;15;0,5933002;-36,23328;22,95211;47,92156
Platform Panic;15;0,5953217;-36,23328;22,95211;47,92156
Platform Panic;15;0,5972052;-36,23328;22,95211;47,92156
Platform Panic;15;0,5990295;-36,23328;22,95211;47,92156
Platform Panic;15;0,6011655;-36,23328;22,95211;47,92156
Platform Panic;15;0,6031945;-36,23328;22,95211;47,92156
Platform Panic;15;0,6050718;-36,23329;22,8466;47,92156
Platform Panic;15;0,6071333;-36,23329;22,8466;47,92156
Platform Panic;15;0,6094337;-36,23329;22,8466;47,92156
Platform Panic;15;0,6115338;-36,23329;22,8466;47,92156
Platform Panic;15;0,6140794;-36,23329;22,8466;47,92156
Platform Panic;15;0,6165116;-36,23329;22,8466;47,92156
Platform Panic;15;0,6187874;-36,23329;22,8466;47,92156
Platform Panic;15;0,6207503;-36,23329;22,8466;47,92156
Platform Panic;15;0,6226345;-36,23329;22,8466;47,92156
Platform Panic;15;0,6248162;-36,23328;22,74136;47,92156
Platform Panic;15;0,6269757;-36,23328;22,74136;47,92156
Platform Panic;15;0,6288604;-36,23328;22,74136;47,92156
Platform Panic;15;0,6306877;-36,23328;22,74136;47,92156
Platform Panic;15;0,6326534;-36,23328;22,74136;47,92156
Platform Panic;15;0,6344417;-36,23328;22,74136;47,92156
Platform Panic;15;0,6363182;-36,23328;22,74136;47,92156
Platform Panic;15;0,6381443;-36,23328;22,74136;47,92156
Platform Panic;15;0,6399591;-36,23328;22,74136;47,92156
Platform Panic;15;0,6420115;-36,23328;22,74136;47,92156
Platform Panic;15;0,6447117;-36,23328;22,63215;47,92156
Platform Panic;15;0,6478247;-36,23328;22,63215;47,92156
Platform Panic;15;0,6505538;-36,23328;22,63215;47,92156
Platform Panic;15;0,6527758;-36,23328;22,63215;47,92156
Platform Panic;15;0,6550165;-36,23328;22,63215;47,92156
Platform Panic;15;0,657331;-36,23328;22,63215;47,92156
Platform Panic;15;0,6592817;-36,23328;22,63215;47,92156
Platform Panic;15;0,6612321;-36,23328;22,63215;47,92156
Platform Panic;15;0,6632425;-36,23328;22,63215;47,92156
Platform Panic;15;0,6657752;-36,23328;22,51303;47,92155
Platform Panic;15;0,6681388;-36,23328;22,51303;47,92155
Platform Panic;15;0,670055;-36,23328;22,51303;47,92155
Platform Panic;15;0,6718776;-36,23328;22,51303;47,92155
Platform Panic;15;0,6739923;-36,23328;22,51303;47,92155
Platform Panic;15;0,6765581;-36,23328;22,51303;47,92155
Platform Panic;15;0,6790386;-36,23328;22,51303;47,92155
Platform Panic;15;0,6811959;-36,23328;22,51303;47,92155
Platform Panic;15;0,6832058;-36,23328;22,51303;47,92155
Platform Panic;15;0,6852983;-36,23328;22,3996;47,92155
Platform Panic;15;0,6881313;-36,23328;22,3996;47,92155
Platform Panic;15;0,6904151;-36,23328;22,3996;47,92155
Platform Panic;15;0,6926355;-36,23328;22,3996;47,92155
Platform Panic;15;0,6949388;-36,23328;22,3996;47,92155
Platform Panic;15;0,6971667;-36,23328;22,3996;47,92155
Platform Panic;15;0,6993147;-36,23328;22,3996;47,92155
Platform Panic;15;0,7013973;-36,23328;22,3996;47,92155
Platform Panic;15;0,7034552;-36,23328;22,3996;47,92155
Platform Panic;15;0,7053575;-36,23328;22,27991;47,92154
Platform Panic;15;0,7075127;-36,23328;22,27991;47,92154
Platform Panic;15;0,7097591;-36,23328;22,27991;47,92154
Platform Panic;15;0,7122148;-36,23328;22,27991;47,92154
Platform Panic;15;0,7143757;-36,23328;22,27991;47,92154
Platform Panic;15;0,7166485;-36,23328;22,27991;47,92154
Platform Panic;15;0,7185922;-36,23328;22,27991;47,92154
Platform Panic;15;0,7205898;-36,23328;22,27991;47,92154
Platform Panic;15;0,7223933;-36,23328;22,27991;47,92154
Platform Panic;15;0,724438;-36,23328;22,16323;47,92155
Platform Panic;15;0,7268242;-36,23328;22,16323;47,92155
Platform Panic;15;0,7289169;-36,23328;22,16323;47,92155
Platform Panic;15;0,7311031;-36,23328;22,16323;47,92155
Platform Panic;15;0,7330978;-36,23328;22,16323;47,92155
Platform Panic;15;0,7352557;-36,23328;22,16323;47,92155
Platform Panic;15;0,7372666;-36,23328;22,16323;47,92155
Platform Panic;15;0,7392186;-36,23328;22,16323;47,92155
Platform Panic;15;0,7415262;-36,23328;22,16323;47,92155
Platform Panic;15;0,7442096;-36,23328;22,03931;47,92155
Platform Panic;15;0,7466069;-36,23328;22,03931;47,92155
Platform Panic;15;0,7485442;-36,23328;22,03931;47,92155
Platform Panic;15;0,7503966;-36,23328;22,03931;47,92155
Platform Panic;15;0,7522096;-36,23328;22,03931;47,92155
Platform Panic;15;0,7540371;-36,23328;22,03931;47,92155
Platform Panic;15;0,7558416;-36,23328;22,03931;47,92155
Platform Panic;15;0,7577308;-36,23328;22,03931;47,92155
Platform Panic;15;0,7619367;-36,23328;22,03931;47,92155
Platform Panic;15;0,763799;-36,23328;21,91357;47,92155
Platform Panic;15;0,7657937;-36,23328;21,91357;47,92155
Platform Panic;15;0,7675924;-36,23328;21,91357;47,92155
Platform Panic;15;0,7694311;-36,23328;21,91357;47,92155
Platform Panic;15;0,7712951;-36,23328;21,91357;47,92155
Platform Panic;15;0,7732677;-36,23328;21,91357;47,92155
Platform Panic;15;0,7758608;-36,23328;21,91357;47,92155
Platform Panic;15;0,7780628;-36,23328;21,91357;47,92155
Platform Panic;15;0,7799816;-36,23328;21,91357;47,92155
Platform Panic;15;0,7818323;-36,23328;21,91357;47,92155
Platform Panic;15;0,7837391;-36,23328;21,78255;47,92155
Platform Panic;15;0,7861832;-36,23328;21,78255;47,92155
Platform Panic;15;0,7881716;-36,23328;21,78255;47,92155
Platform Panic;15;0,7900308;-36,23328;21,78255;47,92155
Platform Panic;15;0,7918939;-36,23328;21,78255;47,92155
Platform Panic;15;0,7936696;-36,23328;21,78255;47,92155
Platform Panic;15;0,7954907;-36,23328;21,78255;47,92155
Platform Panic;15;0,8004615;-36,23328;21,78255;47,92155
Platform Panic;15;0,8031548;-36,23328;21,78255;47,92155
Platform Panic;15;0,8052239;-36,23328;21,63791;47,92155
Platform Panic;15;0,8078718;-36,23328;21,63791;47,92155
Platform Panic;15;0,8099187;-36,23328;21,63791;47,92155
Platform Panic;15;0,8121239;-36,23328;21,63791;47,92155
Platform Panic;15;0,8141477;-36,23328;21,63791;47,92155
Platform Panic;15;0,8160621;-36,23328;21,63791;47,92155
Platform Panic;15;0,8179504;-36,23328;21,63791;47,92155
Platform Panic;15;0,8197824;-36,23328;21,63791;47,92155
Platform Panic;15;0,8215744;-36,23328;21,63791;47,92155
Platform Panic;15;0,823401;-36,23328;21,63791;47,92155
Platform Panic;15;0,8252258;-36,23328;21,50023;47,92155
Platform Panic;15;0,8272397;-36,23328;21,50023;47,92155
Platform Panic;15;0,8290058;-36,23328;21,50023;47,92155
Platform Panic;15;0,8308323;-36,23328;21,50023;47,92155
Platform Panic;15;0,8326184;-36,23328;21,50023;47,92155
Platform Panic;15;0,834435;-36,23328;21,50023;47,92155
Platform Panic;15;0,8362579;-36,23328;21,50023;47,92155
Platform Panic;15;0,8382001;-36,23328;21,50023;47,92155
Platform Panic;15;0,8409857;-36,23328;21,50023;47,92155
Platform Panic;15;0,8430251;-36,23328;21,50023;47,92155
Platform Panic;15;0,8449019;-36,23328;21,36189;47,92155
Platform Panic;15;0,8470058;-36,23328;21,36189;47,92155
Platform Panic;15;0,8488969;-36,23328;21,36189;47,92155
Platform Panic;15;0,8507137;-36,23328;21,36189;47,92155
Platform Panic;15;0,8525683;-36,23328;21,36189;47,92155
Platform Panic;15;0,8543954;-36,23328;21,36189;47,92155
Platform Panic;15;0,856161;-36,23328;21,36189;47,92155
Platform Panic;15;0,8579559;-36,23328;21,36189;47,92155
Platform Panic;15;0,8597884;-36,23328;21,36189;47,92155
Platform Panic;15;0,8616505;-36,23328;21,36189;47,92155
Platform Panic;15;0,8637237;-36,23328;21,22692;47,92155
Platform Panic;15;0,865862;-36,23328;21,22692;47,92155
Platform Panic;15;0,8677288;-36,23328;21,22692;47,92155
Platform Panic;15;0,869574;-36,23328;21,22692;47,92155
Platform Panic;15;0,8719258;-36,23328;21,22692;47,92155
Platform Panic;15;0,8744067;-36,23328;21,22692;47,92155
Platform Panic;15;0,8763922;-36,23328;21,22692;47,92155
Platform Panic;15;0,8782882;-36,23328;21,22692;47,92155
Platform Panic;15;0,880129;-36,23328;21,22692;47,92155
Platform Panic;15;0,8824509;-36,23328;21,22692;47,92155
Platform Panic;15;0,884811;-36,23328;21,07245;47,92155
Platform Panic;15;0,8869976;-36,23328;21,07245;47,92155
Platform Panic;15;0,8889227;-36,23328;21,07245;47,92155
Platform Panic;15;0,8907321;-36,23328;21,07245;47,92155
Platform Panic;15;0,8925482;-36,23328;21,07245;47,92155
Platform Panic;15;0,8945171;-36,23328;21,07245;47,92155
Platform Panic;15;0,8964197;-36,23328;21,07245;47,92155
Platform Panic;15;0,8982855;-36,23328;21,07245;47,92155
Platform Panic;15;0,9004536;-36,23328;21,07245;47,92155
Platform Panic;15;0,9026355;-36,23328;21,07245;47,92155
Platform Panic;15;0,9054098;-36,23328;20,91844;47,92155
Platform Panic;15;0,9077349;-36,23328;20,91844;47,92155
Platform Panic;15;0,9099394;-36,23328;20,91844;47,92155
Platform Panic;15;0,911998;-36,23328;20,91844;47,92155
Platform Panic;15;0,914146;-36,23328;20,91844;47,92155
Platform Panic;15;0,9164781;-36,23328;20,91844;47,92155
Platform Panic;15;0,9186818;-36,23328;20,91844;47,92155
Platform Panic;15;0,9206151;-36,23328;20,91844;47,92155
Platform Panic;15;0,9224534;-36,23328;20,91844;47,92155
Platform Panic;15;0,9243385;-36,23328;20,77429;47,92155
Platform Panic;15;0,9263371;-36,23328;20,77429;47,92155
Platform Panic;15;0,9281524;-36,23328;20,77429;47,92155
Platform Panic;15;0,9299563;-36,23328;20,77429;47,92155
Platform Panic;15;0,9317756;-36,23328;20,77429;47,92155
Platform Panic;15;0,9336534;-36,23328;20,77429;47,92155
Platform Panic;15;0,9358532;-36,23328;20,77429;47,92155
Platform Panic;15;0,938975;-36,23328;20,77429;47,92155
Platform Panic;15;0,942492;-36,23328;20,77429;47,92155
Platform Panic;15;0,9486095;-36,23328;20,58537;47,92155
Platform Panic;15;0,9516078;-36,23328;20,58537;47,92155
Platform Panic;15;0,9538094;-36,23328;20,58537;47,92155
Platform Panic;15;0,9560856;-36,23328;20,58537;47,92155
Platform Panic;15;0,9585373;-36,23328;20,58537;47,92155
Platform Panic;15;0,9606131;-36,23328;20,58537;47,92155
Platform Panic;15;0,9626219;-36,23328;20,58537;47,92155
Platform Panic;15;0,9645672;-36,23328;20,4592;47,92155
Platform Panic;15;0,9666085;-36,23328;20,4592;47,92155
Platform Panic;15;0,9687755;-36,23328;20,4592;47,92155
Platform Panic;15;0,9709203;-36,23328;20,4592;47,92155
Platform Panic;15;0,9728547;-36,23328;20,4592;47,92155
Platform Panic;15;0,9746373;-36,23328;20,4592;47,92155
Platform Panic;15;0,9764148;-36,23328;20,4592;47,92155
Platform Panic;15;0,9784181;-36,23328;20,4592;47,92155
Platform Panic;15;0,9805802;-36,23328;20,4592;47,92155
Platform Panic;15;0,9825796;-36,23328;20,4592;47,92155
Platform Panic;15;0,9846548;-36,23328;20,29753;47,92154
Platform Panic;15;0,9868756;-36,23328;20,29753;47,92154
Platform Panic;15;0,9888919;-36,23328;20,29753;47,92154
Platform Panic;15;0,9908295;-36,23328;20,29753;47,92154
Platform Panic;15;0,9927582;-36,23328;20,29753;47,92154
Platform Panic;15;0,9945623;-36,23328;20,29753;47,92154
Platform Panic;15;0,9963868;-36,23328;20,29753;47,92154
Platform Panic;15;0,9985511;-36,23328;20,29753;47,92154
Platform Panic;15;1,000517;-36,23328;20,29753;47,92154
Platform Panic;15;1,003039;-36,23328;20,29753;47,92154
Platform Panic;15;1,00502;-36,23328;20,13069;47,92155
Platform Panic;15;1,007455;-36,23328;20,13069;47,92155
Platform Panic;15;1,009715;-36,23328;20,13069;47,92155
Platform Panic;15;1,011589;-36,23328;20,13069;47,92155
Platform Panic;15;1,013477;-36,23328;20,13069;47,92155
Platform Panic;15;1,01528;-36,23328;20,13069;47,92155
Platform Panic;15;1,017062;-36,23328;20,13069;47,92155
Platform Panic;15;1,01885;-36,23328;20,13069;47,92155
Platform Panic;15;1,020655;-36,23328;20,13069;47,92155
Platform Panic;15;1,022471;-36,23328;20,13069;47,92155
Platform Panic;15;1,024267;-36,23328;19,9704;47,92155
Platform Panic;15;1,026273;-36,23328;19,9704;47,92155
Platform Panic;15;1,028043;-36,23328;19,9704;47,92155
Platform Panic;15;1,029764;-36,23328;19,9704;47,92155
Platform Panic;15;1,031712;-36,23328;19,9704;47,92155
Platform Panic;15;1,034993;-36,23328;19,9704;47,92155
Platform Panic;15;1,037113;-36,23328;19,9704;47,92155
Platform Panic;15;1,039068;-36,23328;19,9704;47,92155
Platform Panic;15;1,041073;-36,23328;19,9704;47,92155
Platform Panic;15;1,042995;-36,23328;19,9704;47,92155
Platform Panic;15;1,045577;-36,23328;19,78977;47,92154
Platform Panic;15;1,048237;-36,23328;19,78977;47,92154
Platform Panic;15;1,050002;-36,23328;19,78977;47,92154
Platform Panic;15;1,051753;-36,23328;19,78977;47,92154
Platform Panic;15;1,053439;-36,23328;19,78977;47,92154
Platform Panic;15;1,055449;-36,23328;19,78977;47,92154
Platform Panic;15;1,057691;-36,23328;19,78977;47,92154
Platform Panic;15;1,05997;-36,23328;19,78977;47,92154
Platform Panic;15;1,062003;-36,23328;19,78977;47,92154
Platform Panic;15;1,064039;-36,23328;19,63089;47,92154
Platform Panic;15;1,067307;-36,23328;19,63089;47,92154
Platform Panic;15;1,06953;-36,23328;19,63089;47,92154
Platform Panic;15;1,071602;-36,23328;19,63089;47,92154
Platform Panic;15;1,073644;-36,23328;19,63089;47,92154
Platform Panic;15;1,075598;-36,23328;19,63089;47,92154
Platform Panic;15;1,077906;-36,23328;19,63089;47,92154
Platform Panic;15;1,08014;-36,23328;19,63089;47,92154
Platform Panic;15;1,082525;-36,23328;19,63089;47,92154
Platform Panic;15;1,084676;-36,23328;19,45037;47,92154
Platform Panic;15;1,087205;-36,23328;19,45037;47,92154
Platform Panic;15;1,089638;-36,23328;19,45037;47,92154
Platform Panic;15;1,092031;-36,23328;19,45037;47,92154
Platform Panic;15;1,094178;-36,23328;19,45037;47,92154
Platform Panic;15;1,096358;-36,23328;19,45037;47,92154
Platform Panic;15;1,098851;-36,23328;19,45037;47,92154
Platform Panic;15;1,101237;-36,23328;19,45037;47,92154
Platform Panic;15;1,103464;-36,23328;19,45037;47,92154
Platform Panic;15;1,105714;-36,23327;19,2633;47,92154
Platform Panic;15;1,107884;-36,23327;19,2633;47,92154
Platform Panic;15;1,109698;-36,23327;19,2633;47,92154
Platform Panic;15;1,111534;-36,23327;19,2633;47,92154
Platform Panic;15;1,113463;-36,23327;19,2633;47,92154
Platform Panic;15;1,115369;-36,23327;19,2633;47,92154
Platform Panic;15;1,117253;-36,23327;19,2633;47,92154
Platform Panic;15;1,118979;-36,23327;19,2633;47,92154
Platform Panic;15;1,120702;-36,23327;19,2633;47,92154
Platform Panic;15;1,122468;-36,23327;19,2633;47,92154
Platform Panic;15;1,124398;-36,23328;19,09477;47,92154
Platform Panic;15;1,126423;-36,23328;19,09477;47,92154
Platform Panic;15;1,128297;-36,23328;19,09477;47,92154
Platform Panic;15;1,13093;-36,23328;19,09477;47,92154
Platform Panic;15;1,133193;-36,23328;19,09477;47,92154
Platform Panic;15;1,137795;-36,23328;19,09477;47,92154
Platform Panic;15;1,139695;-36,23328;19,09477;47,92154
Platform Panic;15;1,14193;-36,23328;19,09477;47,92154
Platform Panic;15;1,143695;-36,23327;18,9182;47,92154
Platform Panic;15;1,145896;-36,23327;18,9182;47,92154
Platform Panic;15;1,147923;-36,23327;18,9182;47,92154
Platform Panic;15;1,149808;-36,23327;18,9182;47,92154
Platform Panic;15;1,151955;-36,23327;18,9182;47,92154
Platform Panic;15;1,1539;-36,23327;18,9182;47,92154
Platform Panic;15;1,156144;-36,23327;18,9182;47,92154
Platform Panic;15;1,158093;-36,23327;18,9182;47,92154
Platform Panic;15;1,15999;-36,23327;18,9182;47,92154
Platform Panic;15;1,162313;-36,23327;18,9182;47,92154
Platform Panic;15;1,164558;-36,23328;18,72438;47,92154
Platform Panic;15;1,167434;-36,23328;18,72438;47,92154
Platform Panic;15;1,169675;-36,23328;18,72438;47,92154
Platform Panic;15;1,171779;-36,23328;18,72438;47,92154
Platform Panic;15;1,174167;-36,23328;18,72438;47,92154
Platform Panic;15;1,176104;-36,23328;18,72438;47,92154
Platform Panic;15;1,177988;-36,23328;18,72438;47,92154
Platform Panic;15;1,179995;-36,23328;18,72438;47,92154
Platform Panic;15;1,181773;-36,23328;18,72438;47,92154
Platform Panic;15;1,183495;-36,23328;18,72438;47,92154
Platform Panic;15;1,185243;-36,23328;18,52935;47,92154
Platform Panic;15;1,187391;-36,23328;18,52935;47,92154
Platform Panic;15;1,18956;-36,23328;18,52935;47,92154
Platform Panic;15;1,191461;-36,23328;18,52935;47,92154
Platform Panic;15;1,193392;-36,23328;18,52935;47,92154
Platform Panic;15;1,1954;-36,23328;18,52935;47,92154
Platform Panic;15;1,19751;-36,23328;18,52935;47,92154
Platform Panic;15;1,199415;-36,23328;18,52935;47,92154
Platform Panic;15;1,201686;-36,23328;18,52935;47,92154
Platform Panic;15;1,203956;-36,23328;18,35059;47,92154
Platform Panic;15;1,206181;-36,23328;18,35059;47,92154
Platform Panic;15;1,208393;-36,23328;18,35059;47,92154
Platform Panic;15;1,210479;-36,23328;18,35059;47,92154
Platform Panic;15;1,212643;-36,23328;18,35059;47,92154
Platform Panic;15;1,214791;-36,23328;18,35059;47,92154
Platform Panic;15;1,21682;-36,23328;18,35059;47,92154
Platform Panic;15;1,218698;-36,23328;18,35059;47,92154
Platform Panic;15;1,220404;-36,23328;18,35059;47,92154
Platform Panic;15;1,222077;-36,23328;18,35059;47,92154
Platform Panic;15;1,223916;-36,23328;18,15729;47,92154
Platform Panic;15;1,225865;-36,23328;18,15729;47,92154
Platform Panic;15;1,228466;-36,23328;18,15729;47,92154
Platform Panic;15;1,230802;-36,23328;18,15729;47,92154
Platform Panic;15;1,233469;-36,23328;18,15729;47,92154
Platform Panic;15;1,235426;-36,23328;18,15729;47,92154
Platform Panic;15;1,237366;-36,23328;18,15729;47,92154
Platform Panic;15;1,239192;-36,23328;18,15729;47,92154
Platform Panic;15;1,241233;-36,23328;18,15729;47,92154
Platform Panic;15;1,243027;-36,23328;18,15729;47,92154
Platform Panic;15;1,244787;-36,23328;17,95232;47,92155
Platform Panic;15;1,247238;-36,23328;17,95232;47,92155
Platform Panic;15;1,249403;-36,23328;17,95232;47,92155
Platform Panic;15;1,251142;-36,23328;17,95232;47,92155
Platform Panic;15;1,253264;-36,23328;17,95232;47,92155
Platform Panic;15;1,25578;-36,23328;17,95232;47,92155
Platform Panic;15;1,258004;-36,23328;17,95232;47,92155
Platform Panic;15;1,260189;-36,23328;17,95232;47,92155
Platform Panic;15;1,262659;-36,23328;17,95232;47,92155
Platform Panic;15;1,26489;-36,23328;17,75225;47,92154
Platform Panic;15;1,266952;-36,23328;17,75225;47,92154
Platform Panic;15;1,268736;-36,23328;17,75225;47,92154
Platform Panic;15;1,270844;-36,23328;17,75225;47,92154
Platform Panic;15;1,273023;-36,23328;17,75225;47,92154
Platform Panic;15;1,274947;-36,23328;17,75225;47,92154
Platform Panic;15;1,27676;-36,23328;17,75225;47,92154
Platform Panic;15;1,278596;-36,23328;17,75225;47,92154
Platform Panic;15;1,280823;-36,23328;17,75225;47,92154
Platform Panic;15;1,28267;-36,23328;17,75225;47,92154
Platform Panic;15;1,284614;-36,23328;17,55347;47,92154
Platform Panic;15;1,286571;-36,23328;17,55347;47,92154
Platform Panic;15;1,288598;-36,23328;17,55347;47,92154
Platform Panic;15;1,290607;-36,23328;17,55347;47,92154
Platform Panic;15;1,292759;-36,23328;17,55347;47,92154
Platform Panic;15;1,294916;-36,23328;17,55347;47,92154
Platform Panic;15;1,297101;-36,23328;17,55347;47,92154
Platform Panic;15;1,299438;-36,23328;17,55347;47,92154
Platform Panic;15;1,301451;-36,23328;17,55347;47,92154
Platform Panic;15;1,303257;-36,23328;17,55347;47,92154
Platform Panic;15;1,305391;-36,23327;17,34128;47,92154
Platform Panic;15;1,307431;-36,23327;17,34128;47,92154
Platform Panic;15;1,309276;-36,23327;17,34128;47,92154
Platform Panic;15;1,311185;-36,23327;17,34128;47,92154
Platform Panic;15;1,313552;-36,23327;17,34128;47,92154
Platform Panic;15;1,315552;-36,23327;17,34128;47,92154
Platform Panic;15;1,317652;-36,23327;17,34128;47,92154
Platform Panic;15;1,319674;-36,23327;17,34128;47,92154
Platform Panic;15;1,321775;-36,23327;17,34128;47,92154
Platform Panic;15;1,323817;-36,23327;17,15094;47,92154
Platform Panic;15;1,331583;-36,23327;17,15094;47,92154
Platform Panic;15;1,333798;-36,23327;17,15094;47,92154
Platform Panic;15;1,335758;-36,23327;17,15094;47,92154
Platform Panic;15;1,338062;-36,23327;17,15094;47,92154
Platform Panic;15;1,340014;-36,23327;17,15094;47,92154
Platform Panic;15;1,342023;-36,23327;17,15094;47,92154
Platform Panic;15;1,344484;-36,23328;16,93474;47,92154
Platform Panic;15;1,346903;-36,23328;16,93474;47,92154
Platform Panic;15;1,348893;-36,23328;16,93474;47,92154
Platform Panic;15;1,350886;-36,23328;16,93474;47,92154
Platform Panic;15;1,353083;-36,23328;16,93474;47,92154
Platform Panic;15;1,355111;-36,23328;16,93474;47,92154
Platform Panic;15;1,358116;-36,23328;16,93474;47,92154
Platform Panic;15;1,361168;-36,23328;16,93474;47,92154
Platform Panic;15;1,363146;-36,23328;16,93474;47,92154
Platform Panic;15;1,364983;-36,23327;16,71766;47,92154
Platform Panic;15;1,367495;-36,23327;16,71766;47,92154
Platform Panic;15;1,370196;-36,23327;16,71766;47,92154
Platform Panic;15;1,372171;-36,23327;16,71766;47,92154
Platform Panic;15;1,374059;-36,23327;16,71766;47,92154
Platform Panic;15;1,375914;-36,23327;16,71766;47,92154
Platform Panic;15;1,378415;-36,23327;16,71766;47,92154
Platform Panic;15;1,380725;-36,23327;16,71766;47,92154
Platform Panic;15;1,383461;-36,23327;16,71766;47,92154
Platform Panic;15;1,385682;-36,23327;16,49579;47,92154
Platform Panic;15;1,38763;-36,23327;16,49579;47,92154
Platform Panic;15;1,389912;-36,23327;16,49579;47,92154
Platform Panic;15;1,392101;-36,23327;16,49579;47,92154
Platform Panic;15;1,394425;-36,23327;16,49579;47,92154
Platform Panic;15;1,396709;-36,23327;16,49579;47,92154
Platform Panic;15;1,398755;-36,23327;16,49579;47,92154
Platform Panic;15;1,401539;-36,23327;16,49579;47,92154
Platform Panic;15;1,403508;-36,23327;16,49579;47,92154
Platform Panic;15;1,405538;-36,23328;16,28049;47,92154
Platform Panic;15;1,407631;-36,23328;16,28049;47,92154
Platform Panic;15;1,409722;-36,23328;16,28049;47,92154
Platform Panic;15;1,411475;-36,23328;16,28049;47,92154
Platform Panic;15;1,413337;-36,23328;16,28049;47,92154
Platform Panic;15;1,415285;-36,23328;16,28049;47,92154
Platform Panic;15;1,41782;-36,23328;16,28049;47,92154
Platform Panic;15;1,420992;-36,23328;16,28049;47,92154
Platform Panic;15;1,42428;-36,23328;16,07511;47,92154
Platform Panic;15;1,427354;-36,23328;16,07511;47,92154
Platform Panic;15;1,429647;-36,23328;16,07511;47,92154
Platform Panic;15;1,431635;-36,23328;16,07511;47,92154
Platform Panic;15;1,433594;-36,23328;16,07511;47,92154
Platform Panic;15;1,43543;-36,23328;16,07511;47,92154
Platform Panic;15;1,43744;-36,23328;16,07511;47,92154
Platform Panic;15;1,439653;-36,23328;16,07511;47,92154
Platform Panic;15;1,441613;-36,23328;16,07511;47,92154
Platform Panic;15;1,443463;-36,23328;16,07511;47,92154
Platform Panic;15;1,445294;-36,23328;15,84213;47,92154
Platform Panic;15;1,447465;-36,23328;15,84213;47,92154
Platform Panic;15;1,449641;-36,23328;15,84213;47,92154
Platform Panic;15;1,451712;-36,23328;15,84213;47,92154
Platform Panic;15;1,453833;-36,23328;15,84213;47,92154
Platform Panic;15;1,456924;-36,23328;15,84213;47,92154
Platform Panic;15;1,459042;-36,23328;15,84213;47,92154
Platform Panic;15;1,460934;-36,23328;15,84213;47,92154
Platform Panic;15;1,462775;-36,23328;15,84213;47,92154
Platform Panic;15;1,464864;-36,23328;15,62283;47,92154
Platform Panic;15;1,467363;-36,23328;15,62283;47,92154
Platform Panic;15;1,469395;-36,23328;15,62283;47,92154
Platform Panic;15;1,471444;-36,23328;15,62283;47,92154
Platform Panic;15;1,473363;-36,23328;15,62283;47,92154
Platform Panic;15;1,475142;-36,23328;15,62283;47,92154
Platform Panic;15;1,476937;-36,23328;15,62283;47,92154
Platform Panic;15;1,478776;-36,23328;15,62283;47,92154
Platform Panic;15;1,480526;-36,23328;15,62283;47,92154
Platform Panic;15;1,482472;-36,23328;15,62283;47,92154
Platform Panic;15;1,484328;-36,23328;15,40241;47,92154
Platform Panic;15;1,486553;-36,23328;15,40241;47,92154
Platform Panic;15;1,488536;-36,23328;15,40241;47,92154
Platform Panic;15;1,491158;-36,23328;15,40241;47,92154
Platform Panic;15;1,493525;-36,23328;15,40241;47,92154
Platform Panic;15;1,495659;-36,23328;15,40241;47,92154
Platform Panic;15;1,497532;-36,23328;15,40241;47,92154
Platform Panic;15;1,499371;-36,23328;15,40241;47,92154
Platform Panic;15;1,501163;-36,23328;15,40241;47,92154
Platform Panic;15;1,503098;-36,23328;15,40241;47,92154
Platform Panic;15;1,504877;-36,23328;15,16717;47,92154
Platform Panic;15;1,50688;-36,23328;15,16717;47,92154
Platform Panic;15;1,508687;-36,23328;15,16717;47,92154
Platform Panic;15;1,510415;-36,23328;15,16717;47,92154
Platform Panic;15;1,512145;-36,23328;15,16717;47,92154
Platform Panic;15;1,514077;-36,23328;15,16717;47,92154
Platform Panic;15;1,515889;-36,23328;15,16717;47,92154
Platform Panic;15;1,517684;-36,23328;15,16717;47,92154
Platform Panic;15;1,519476;-36,23328;15,16717;47,92154
Platform Panic;15;1,521693;-36,23328;15,16717;47,92154
Platform Panic;15;1,530919;-36,23328;14,86528;47,92154
Platform Panic;15;1,533266;-36,23328;14,86528;47,92154
Platform Panic;15;1,535561;-36,23328;14,86528;47,92154
Platform Panic;15;1,537575;-36,23328;14,86528;47,92154
Platform Panic;15;1,539614;-36,23328;14,86528;47,92154
Platform Panic;15;1,541395;-36,23328;14,86528;47,92154
Platform Panic;15;1,543137;-36,23328;14,86528;47,92154
Platform Panic;15;1,544924;-36,23328;14,70158;47,92154
Platform Panic;15;1,546965;-36,23328;14,70158;47,92154
Platform Panic;15;1,548752;-36,23328;14,70158;47,92154
Platform Panic;15;1,550572;-36,23328;14,70158;47,92154
Platform Panic;15;1,55237;-36,23328;14,70158;47,92154
Platform Panic;15;1,554458;-36,23328;14,70158;47,92154
Platform Panic;15;1,556759;-36,23328;14,70158;47,92154
Platform Panic;15;1,558654;-36,23328;14,70158;47,92154
Platform Panic;15;1,560467;-36,23328;14,70158;47,92154
Platform Panic;15;1,562624;-36,23328;14,70158;47,92154
Platform Panic;15;1,56458;-36,23328;14,46961;47,92155
Platform Panic;15;1,566696;-36,23328;14,46961;47,92155
Platform Panic;15;1,568573;-36,23328;14,46961;47,92155
Platform Panic;15;1,570423;-36,23328;14,46961;47,92155
Platform Panic;15;1,572204;-36,23328;14,46961;47,92155
Platform Panic;15;1,573912;-36,23328;14,46961;47,92155
Platform Panic;15;1,575783;-36,23328;14,46961;47,92155
Platform Panic;15;1,577546;-36,23328;14,46961;47,92155
Platform Panic;15;1,579286;-36,23328;14,46961;47,92155
Platform Panic;15;1,581022;-36,23328;14,46961;47,92155
Platform Panic;15;1,582845;-36,23328;14,46961;47,92155
Platform Panic;15;1,584757;-36,23328;14,2291;47,92155
Platform Panic;15;1,586988;-36,23328;14,2291;47,92155
Platform Panic;15;1,589226;-36,23328;14,2291;47,92155
Platform Panic;15;1,591361;-36,23328;14,2291;47,92155
Platform Panic;15;1,593203;-36,23328;14,2291;47,92155
Platform Panic;15;1,5951;-36,23328;14,2291;47,92155
Platform Panic;15;1,596909;-36,23328;14,2291;47,92155
Platform Panic;15;1,598755;-36,23328;14,2291;47,92155
Platform Panic;15;1,600631;-36,23328;14,2291;47,92155
Platform Panic;15;1,602547;-36,23328;14,2291;47,92155
Platform Panic;15;1,604353;-36,23328;13,99329;47,92155
Platform Panic;15;1,606272;-36,23328;13,99329;47,92155
Platform Panic;15;1,60799;-36,23328;13,99329;47,92155
Platform Panic;15;1,609855;-36,23328;13,99329;47,92155
Platform Panic;15;1,611609;-36,23328;13,99329;47,92155
Platform Panic;15;1,613386;-36,23328;13,99329;47,92155
Platform Panic;15;1,615133;-36,23328;13,99329;47,92155
Platform Panic;15;1,616957;-36,23328;13,99329;47,92155
Platform Panic;15;1,618885;-36,23328;13,99329;47,92155
Platform Panic;15;1,621498;-36,23328;13,99329;47,92155
Platform Panic;15;1,623431;-36,23328;13,99329;47,92155
Platform Panic;15;1,625291;-36,23328;13,73882;47,92155
Platform Panic;15;1,627299;-36,23328;13,73882;47,92155
Platform Panic;15;1,629285;-36,23328;13,73882;47,92155
Platform Panic;15;1,631479;-36,23328;13,73882;47,92155
Platform Panic;15;1,633495;-36,23328;13,73882;47,92155
Platform Panic;15;1,63534;-36,23328;13,73882;47,92155
Platform Panic;15;1,637126;-36,23328;13,73882;47,92155
Platform Panic;15;1,638872;-36,23328;13,73882;47,92155
Platform Panic;15;1,640642;-36,23328;13,73882;47,92155
Platform Panic;15;1,642389;-36,23328;13,73882;47,92155
Platform Panic;15;1,644115;-36,23328;13,508;47,92155
Platform Panic;15;1,646276;-36,23328;13,508;47,92155
Platform Panic;15;1,648109;-36,23328;13,508;47,92155
Platform Panic;15;1,650029;-36,23328;13,508;47,92155
Platform Panic;15;1,652635;-36,23328;13,508;47,92155
Platform Panic;15;1,655008;-36,23328;13,508;47,92155
Platform Panic;15;1,657041;-36,23328;13,508;47,92155
Platform Panic;15;1,659432;-36,23328;13,508;47,92155
Platform Panic;15;1,661689;-36,23328;13,508;47,92155
Platform Panic;15;1,663826;-36,23328;13,26409;47,92155
Platform Panic;15;1,666174;-36,23328;13,26409;47,92155
Platform Panic;15;1,668024;-36,23328;13,26409;47,92155
Platform Panic;15;1,669853;-36,23328;13,26409;47,92155
Platform Panic;15;1,67165;-36,23328;13,26409;47,92155
Platform Panic;15;1,673455;-36,23328;13,26409;47,92155
Platform Panic;15;1,67519;-36,23328;13,26409;47,92155
Platform Panic;15;1,677094;-36,23328;13,26409;47,92155
Platform Panic;15;1,678866;-36,23328;13,26409;47,92155
Platform Panic;15;1,680761;-36,23328;13,26409;47,92155
Platform Panic;15;1,682618;-36,23328;13,26409;47,92155
Platform Panic;15;1,684496;-36,23328;13,00589;47,92155
Platform Panic;15;1,687403;-36,23328;13,00589;47,92155
Platform Panic;15;1,69012;-36,23328;13,00589;47,92155
Platform Panic;15;1,692113;-36,23328;13,00589;47,92155
Platform Panic;15;1,693951;-36,23328;13,00589;47,92155
Platform Panic;15;1,695733;-36,23328;13,00589;47,92155
Platform Panic;15;1,697541;-36,23328;13,00589;47,92155
Platform Panic;15;1,699683;-36,23328;13,00589;47,92155
Platform Panic;15;1,702053;-36,23328;13,00589;47,92155
Platform Panic;15;1,706954;-36,23328;12,72257;47,92154
Platform Panic;15;1,709322;-36,23328;12,72257;47,92154
Platform Panic;15;1,71139;-36,23328;12,72257;47,92154
Platform Panic;15;1,713419;-36,23328;12,72257;47,92154
Platform Panic;15;1,715524;-36,23328;12,72257;47,92154
Platform Panic;15;1,717764;-36,23328;12,72257;47,92154
Platform Panic;15;1,720798;-36,23328;12,72257;47,92154
Platform Panic;15;1,723018;-36,23328;12,72257;47,92154
Platform Panic;15;1,724997;-36,23328;12,49308;47,92154
Platform Panic;15;1,727225;-36,23328;12,49308;47,92154
Platform Panic;15;1,729264;-36,23328;12,49308;47,92154
Platform Panic;15;1,731322;-36,23328;12,49308;47,92154
Platform Panic;15;1,733325;-36,23328;12,49308;47,92154
Platform Panic;15;1,735415;-36,23328;12,49308;47,92154
Platform Panic;15;1,737311;-36,23328;12,49308;47,92154
Platform Panic;15;1,73937;-36,23328;12,49308;47,92154
Platform Panic;15;1,741528;-36,23328;12,49308;47,92154
Platform Panic;15;1,743528;-36,23328;12,49308;47,92154
Platform Panic;15;1,745548;-36,23328;12,23069;47,92154
Platform Panic;15;1,747734;-36,23328;12,23069;47,92154
Platform Panic;15;1,749586;-36,23328;12,23069;47,92154
Platform Panic;15;1,751871;-36,23328;12,23069;47,92154
Platform Panic;15;1,754278;-36,23328;12,23069;47,92154
Platform Panic;15;1,756528;-36,23328;12,23069;47,92154
Platform Panic;15;1,758516;-36,23328;12,23069;47,92154
Platform Panic;15;1,760679;-36,23328;12,23069;47,92154
Platform Panic;15;1,762464;-36,23328;12,23069;47,92154
Platform Panic;15;1,764249;-36,23328;12,01233;47,9202
Platform Panic;15;1,766254;-36,23328;12,01233;47,9202
Platform Panic;15;1,768024;-36,23328;12,01233;47,9202
Platform Panic;15;1,770101;-36,23328;12,01233;47,9202
Platform Panic;15;1,771887;-36,23328;12,01233;47,9202
Platform Panic;15;1,773753;-36,23328;12,01233;47,9202
Platform Panic;15;1,775472;-36,23328;12,01233;47,9202
Platform Panic;15;1,777736;-36,23328;12,01233;47,9202
Platform Panic;15;1,779702;-36,23328;12,01233;47,9202
Platform Panic;15;1,781415;-36,23328;12,01233;47,9202
Platform Panic;15;1,783553;-36,23328;12,01233;47,9202
Platform Panic;15;1,786276;-36,23328;12,11021;47,87743
Platform Panic;15;1,788504;-36,23328;12,11021;47,87743
Platform Panic;15;1,790527;-36,23328;12,11021;47,87743
Platform Panic;15;1,792677;-36,23328;12,11021;47,87743
Platform Panic;15;1,795655;-36,23328;12,11021;47,87743
Platform Panic;15;1,797544;-36,23328;12,11021;47,87743
Platform Panic;15;1,799285;-36,23328;12,11021;47,87743
Platform Panic;15;1,801571;-36,23328;12,11021;47,87743
Platform Panic;15;1,803297;-36,23328;12,11021;47,87743
Platform Panic;15;1,805116;-36,23328;12,16181;47,86955
Platform Panic;15;1,807282;-36,23328;12,16181;47,86955
Platform Panic;15;1,809529;-36,23328;12,16181;47,86955
Platform Panic;15;1,811513;-36,23328;12,16181;47,86955
Platform Panic;15;1,813707;-36,23328;12,16181;47,86955
Platform Panic;15;1,817529;-36,23328;12,16181;47,86955
Platform Panic;15;1,819683;-36,23328;12,16181;47,86955
Platform Panic;15;1,821617;-36,23328;12,16181;47,86955
Platform Panic;15;1,823498;-36,23328;12,16181;47,86955
Platform Panic;15;1,825774;-36,23328;12,18037;47,86754
Platform Panic;15;1,828229;-36,23328;12,18037;47,86754
Platform Panic;15;1,830036;-36,23328;12,18037;47,86754
Platform Panic;15;1,832034;-36,23328;12,18037;47,86754
Platform Panic;15;1,834122;-36,23328;12,18037;47,86754
Platform Panic;15;1,8359;-36,23328;12,18037;47,86754
Platform Panic;15;1,83777;-36,23328;12,18037;47,86754
Platform Panic;15;1,839607;-36,23328;12,18037;47,86754
Platform Panic;15;1,841636;-36,23328;12,18037;47,86754
Platform Panic;15;1,84343;-36,23328;12,18037;47,86754
Platform Panic;15;1,845265;-36,23328;12,18551;47,86699
Platform Panic;15;1,847794;-36,23328;12,18551;47,86699
Platform Panic;15;1,850326;-36,23328;12,18551;47,86699
Platform Panic;15;1,852432;-36,23328;12,18551;47,86699
Platform Panic;15;1,854553;-36,23328;12,18551;47,86699
Platform Panic;15;1,856837;-36,23328;12,18551;47,86699
Platform Panic;15;1,858695;-36,23328;12,18551;47,86699
Platform Panic;15;1,860494;-36,23328;12,18551;47,86699
Platform Panic;15;1,862273;-36,23328;12,18551;47,86699
Platform Panic;15;1,864039;-36,23328;12,18719;47,86699
Platform Panic;15;1,866286;-36,23328;12,18719;47,86699
Platform Panic;15;1,868049;-36,23328;12,18719;47,86699
Platform Panic;15;1,869892;-36,23328;12,18719;47,86699
Platform Panic;15;1,871688;-36,23328;12,18719;47,86699
Platform Panic;15;1,873778;-36,23328;12,18719;47,86699
Platform Panic;15;1,875584;-36,23328;12,18719;47,86699
Platform Panic;15;1,877319;-36,23328;12,18719;47,86699
Platform Panic;15;1,879088;-36,23328;12,18719;47,86699
Platform Panic;15;1,882063;-36,23328;12,18719;47,86699
Platform Panic;15;1,884431;-36,23328;12,18756;47,86699
Platform Panic;15;1,886631;-36,23328;12,18756;47,86699
Platform Panic;15;1,888795;-36,23328;12,18756;47,86699
Platform Panic;15;1,892957;-36,23328;12,18756;47,86699
Platform Panic;15;1,894855;-36,23328;12,18756;47,86699
Platform Panic;15;1,897053;-36,23328;12,18756;47,86699
Platform Panic;15;1,898945;-36,23328;12,18756;47,86699
Platform Panic;15;1,900821;-36,23328;12,18756;47,86699
Platform Panic;15;1,902656;-36,23328;12,18756;47,86699
Platform Panic;15;1,904773;-36,23328;12,18762;47,86699
Platform Panic;15;1,90677;-36,23328;12,18762;47,86699
Platform Panic;15;1,908561;-36,23328;12,18762;47,86699
Platform Panic;15;1,910434;-36,23328;12,18762;47,86699
Platform Panic;15;1,913313;-36,23328;12,18762;47,86699
Platform Panic;15;1,91616;-36,23328;12,18762;47,86699
Platform Panic;15;1,918875;-36,23328;12,18762;47,86699
Platform Panic;15;1,921301;-36,23328;12,18762;47,86699
Platform Panic;15;1,92392;-36,23328;12,18763;47,86699
Platform Panic;15;1,926392;-36,23328;12,18763;47,86699
Platform Panic;15;1,928501;-36,23328;12,18763;47,86699
Platform Panic;15;1,930463;-36,23328;12,18763;47,86699
Platform Panic;15;1,932508;-36,23328;12,18763;47,86699
Platform Panic;15;1,935097;-36,23328;12,18763;47,86699
Platform Panic;15;1,937472;-36,23328;12,18763;47,86699
Platform Panic;15;1,939315;-36,23328;12,18763;47,86699
Platform Panic;15;1,941085;-36,23328;12,18763;47,86699
Platform Panic;15;1,942847;-36,23328;12,18763;47,86699
Platform Panic;15;1,945664;-36,23328;12,18764;47,86699
Platform Panic;15;1,948091;-36,23328;12,18764;47,86699
Platform Panic;15;1,950097;-36,23328;12,18764;47,86699
Platform Panic;15;1,952795;-36,23328;12,18764;47,86699
Platform Panic;15;1,954874;-36,23328;12,18764;47,86699
Platform Panic;15;1,956944;-36,23328;12,18764;47,86699
Platform Panic;15;1,958891;-36,23328;12,18764;47,86699
Platform Panic;15;1,960937;-36,23328;12,18764;47,86699
Platform Panic;15;1,962862;-36,23328;12,18764;47,86699
Platform Panic;15;1,964978;-36,23328;12,18764;47,86699
Platform Panic;15;1,967353;-36,23328;12,18764;47,86699
Platform Panic;15;1,970305;-36,23328;12,18764;47,86699
Platform Panic;15;1,972586;-36,23328;12,18764;47,86699
Platform Panic;15;1,974958;-36,23328;12,18764;47,86699
Platform Panic;15;1,977547;-36,23328;12,18764;47,86699
Platform Panic;15;1,980396;-36,23328;12,18764;47,86699
Platform Panic;15;1,996608;-36,23328;12,18764;47,86699
Platform Panic;15;2,012699;-36,23328;12,18764;47,86699
Platform Panic;15;2,028283;-36,23328;12,18764;47,86699
Platform Panic;15;2,045538;-36,23328;12,18764;47,86699
Platform Panic;15;2,062083;-36,23328;12,18764;47,86699
Platform Panic;15;2,078458;-36,23328;12,18764;47,86699
Platform Panic;15;2,09424;-36,23328;12,18764;47,86699
Platform Panic;15;2,110473;-36,23328;12,18764;47,86699
Platform Panic;15;2,127415;-36,23328;12,18764;47,86699
Platform Panic;15;2,139964;-36,23328;12,18764;47,86699
Platform Panic;15;2,142275;-36,23328;12,18764;47,86699
Platform Panic;15;2,144527;-36,23328;12,18764;47,86699
Platform Panic;15;2,146853;-36,23328;12,18764;47,86699
Platform Panic;15;2,148854;-36,23328;12,18764;47,86699
Platform Panic;15;2,151026;-36,23328;12,18764;47,86699
Platform Panic;15;2,153175;-36,23328;12,18764;47,86699
Platform Panic;15;2,154934;-36,23328;12,18764;47,86699
Platform Panic;15;2,156704;-36,23328;12,18764;47,86699
Platform Panic;15;2,158456;-36,23328;12,18764;47,86699
Platform Panic;15;2,160524;-36,23328;12,18764;47,86699
Platform Panic;15;2,162287;-36,23328;12,18764;47,86699
Platform Panic;15;2,163982;-36,23328;12,18764;47,86699
Platform Panic;15;2,165957;-36,23328;12,18764;47,86699
Platform Panic;15;2,16796;-36,23328;12,18764;47,86699
Platform Panic;15;2,170563;-36,23328;12,18764;47,86699
Platform Panic;15;2,173879;-36,23328;12,18764;47,86699
Platform Panic;15;2,176182;-36,23328;12,18764;47,86699
Platform Panic;15;2,178565;-36,23328;12,18764;47,86699
Platform Panic;15;2,180534;-36,23328;12,18764;47,86699
Platform Panic;15;2,182491;-36,23328;12,18764;47,86699
Platform Panic;15;2,185114;-36,23328;12,18764;47,86699
Platform Panic;15;2,188072;-36,23328;12,18764;47,86699
Platform Panic;15;2,190477;-36,23328;12,18764;47,86699
Platform Panic;15;2,192728;-36,23328;12,18764;47,86699
Platform Panic;15;2,194623;-36,23328;12,18764;47,86699
Platform Panic;15;2,196517;-36,23328;12,18764;47,86699
Platform Panic;15;2,198383;-36,23328;12,18764;47,86699
Platform Panic;15;2,200862;-36,23328;12,18764;47,86699
Platform Panic;15;2,203312;-36,23328;12,18764;47,86699
Platform Panic;15;2,205929;-36,23328;12,18764;47,86699
Platform Panic;15;2,209333;-36,23328;12,18764;47,86699
Platform Panic;15;2,212209;-36,23328;12,18764;47,86699
Platform Panic;15;2,215253;-36,23328;12,18764;47,86699
Platform Panic;15;2,218664;-36,23328;12,18764;47,86699
Platform Panic;15;2,221373;-36,23328;12,18764;47,86699
Platform Panic;15;2,224605;-36,23328;12,18764;47,86699
Platform Panic;15;2,227619;-36,23328;12,18764;47,86699
Platform Panic;15;2,230433;-36,23328;12,18764;47,86699
Platform Panic;15;2,235691;-36,23328;12,18764;47,86699
Platform Panic;15;2,238505;-36,23328;12,18764;47,86699
Platform Panic;15;2,240867;-36,23328;12,18764;47,86699
Platform Panic;15;2,243276;-36,23328;12,18764;47,86699
Platform Panic;15;2,24525;-36,23328;12,18764;47,86698
Platform Panic;15;2,24758;-36,23328;12,18764;47,86698
Platform Panic;15;2,250091;-36,23328;12,18764;47,86698
Platform Panic;15;2,252441;-36,23328;12,18764;47,86698
Platform Panic;15;2,254367;-36,23328;12,18764;47,86698
Platform Panic;15;2,256516;-36,23328;12,18764;47,86698
Platform Panic;15;2,258373;-36,23328;12,18764;47,86698
Platform Panic;15;2,260154;-36,23328;12,18764;47,86698
Platform Panic;15;2,261979;-36,23328;12,18764;47,86698
Platform Panic;15;2,264107;-36,23328;12,18764;47,86698
Platform Panic;15;2,266639;-36,23328;12,18764;47,86698
Platform Panic;15;2,26884;-36,23328;12,18764;47,86698
Platform Panic;15;2,271396;-36,23328;12,18764;47,86698
Platform Panic;15;2,273864;-36,23328;12,18764;47,86698
Platform Panic;15;2,275813;-36,23328;12,18764;47,86698
Platform Panic;15;2,277688;-36,23328;12,18764;47,86698
Platform Panic;15;2,279691;-36,23328;12,18764;47,86698
Platform Panic;15;2,281857;-36,23328;12,18764;47,86698
Platform Panic;15;2,283736;-36,23328;12,18764;47,86698
Platform Panic;15;2,285817;-36,23328;12,18764;47,86698
Platform Panic;15;2,287546;-36,23328;12,18764;47,86698
Platform Panic;15;2,289589;-36,23328;12,18764;47,86698
Platform Panic;15;2,291645;-36,23328;12,18764;47,86698
Platform Panic;15;2,293566;-36,23328;12,18764;47,86698
Platform Panic;15;2,295767;-36,23328;12,18764;47,86698
Platform Panic;15;2,297967;-36,23328;12,18764;47,86698
Platform Panic;15;2,299803;-36,23328;12,18764;47,86698
Platform Panic;15;2,302173;-36,23328;12,18764;47,86698
Platform Panic;15;2,304543;-36,23328;12,18764;47,86698
Platform Panic;15;2,306621;-36,23328;12,18764;47,86698
Platform Panic;15;2,308854;-36,23328;12,18764;47,86698
Platform Panic;15;2,310923;-36,23328;12,18764;47,86698
Platform Panic;15;2,313388;-36,23328;12,18764;47,86698
Platform Panic;15;2,315243;-36,23328;12,18764;47,86698
Platform Panic;15;2,317042;-36,23328;12,18764;47,86698
Platform Panic;15;2,318922;-36,23328;12,18764;47,86698
Platform Panic;15;2,320947;-36,23328;12,18764;47,86698
Platform Panic;15;2,32267;-36,23328;12,18764;47,86698
Platform Panic;15;2,324492;-36,23328;12,18764;47,86697
Platform Panic;15;2,326435;-36,23328;12,18764;47,86697
Platform Panic;15;2,328602;-36,23328;12,18764;47,86697
Platform Panic;15;2,330324;-36,23328;12,18764;47,86697
Platform Panic;15;2,332124;-36,23328;12,18764;47,86697
Platform Panic;15;2,334342;-36,23328;12,18764;47,86697
Platform Panic;15;2,336978;-36,23328;12,18764;47,86697
Platform Panic;15;2,338811;-36,23328;12,18764;47,86697
Platform Panic;15;2,340996;-36,23328;12,18764;47,86697
Platform Panic;15;2,342836;-36,23328;12,18764;47,86697
Platform Panic;15;2,344963;-36,23328;12,18764;47,86697
Platform Panic;15;2,347005;-36,23328;12,18764;47,86697
Platform Panic;15;2,349133;-36,23328;12,18764;47,86697
Platform Panic;15;2,350927;-36,23328;12,18764;47,86697
Platform Panic;15;2,353277;-36,23328;12,18764;47,86697
Platform Panic;15;2,355324;-36,23328;12,18764;47,86697
Platform Panic;15;2,357046;-36,23328;12,18764;47,86697
Platform Panic;15;2,358767;-36,23328;12,18764;47,86697
Platform Panic;15;2,360775;-36,23328;12,18764;47,86697
Platform Panic;15;2,36256;-36,23328;12,18764;47,86697
Platform Panic;15;2,364303;-36,23328;12,18764;47,86697
Platform Panic;15;2,366772;-36,23328;12,18764;47,86697
Platform Panic;15;2,369465;-36,23328;12,18764;47,86697
Platform Panic;15;2,371558;-36,23328;12,18764;47,86697
Platform Panic;15;2,373369;-36,23328;12,18764;47,86697
Platform Panic;15;2,375244;-36,23328;12,18764;47,86697
Platform Panic;15;2,377355;-36,23328;12,18764;47,86697
Platform Panic;15;2,379167;-36,23328;12,18764;47,86697
Platform Panic;15;2,380913;-36,23328;12,18764;47,86697
Platform Panic;15;2,382663;-36,23328;12,18764;47,86697
Platform Panic;15;2,384785;-36,23328;12,18764;47,86697
Platform Panic;15;2,386781;-36,23328;12,18764;47,86697
Platform Panic;15;2,388521;-36,23328;12,18764;47,86697
Platform Panic;15;2,390258;-36,23328;12,18764;47,86697
Platform Panic;15;2,392029;-36,23328;12,18764;47,86697
Platform Panic;15;2,394041;-36,23328;12,18764;47,86697
Platform Panic;15;2,395787;-36,23328;12,18764;47,86697
Platform Panic;15;2,397719;-36,23328;12,18764;47,86697
Platform Panic;15;2,399709;-36,23328;12,18764;47,86697
Platform Panic;15;2,402277;-36,23328;12,18764;47,86697
Platform Panic;15;2,404156;-36,23328;12,18764;47,86697
Platform Panic;15;2,406125;-36,23328;12,18764;47,86697
Platform Panic;15;2,407862;-36,23328;12,18764;47,86697
Platform Panic;15;2,410119;-36,23328;12,18764;47,86697
Platform Panic;15;2,412019;-36,23328;12,18764;47,86697
Platform Panic;15;2,413788;-36,23328;12,18764;47,86697
Platform Panic;15;2,415522;-36,23328;12,18764;47,86697
Platform Panic;15;2,417668;-36,23328;12,18764;47,86697
Platform Panic;15;2,422085;-36,23328;12,18764;47,86697
Platform Panic;15;2,424595;-36,23328;12,18764;47,86697
Platform Panic;15;2,426677;-36,23328;12,18764;47,86697
Platform Panic;15;2,428465;-36,23328;12,18764;47,86697
Platform Panic;15;2,430387;-36,23328;12,18764;47,86697
Platform Panic;15;2,433204;-36,23328;12,18764;47,86697
Platform Panic;15;2,435303;-36,23328;12,18764;47,86697
Platform Panic;15;2,438023;-36,23328;12,18764;47,86697
Platform Panic;15;2,440676;-36,23328;12,18764;47,86697
Platform Panic;15;2,442569;-36,23328;12,18764;47,86697
Platform Panic;15;2,444408;-36,23328;12,18764;47,86698
Platform Panic;15;2,44645;-36,23328;12,18764;47,86698
Platform Panic;15;2,448492;-36,23328;12,18764;47,86698
Platform Panic;15;2,450276;-36,23328;12,18764;47,86698
Platform Panic;15;2,452101;-36,23328;12,18764;47,86698
Platform Panic;15;2,45392;-36,23328;12,18764;47,86698
Platform Panic;15;2,45595;-36,23328;12,18764;47,86698
Platform Panic;15;2,458841;-36,23328;12,18764;47,86698
Platform Panic;15;2,460698;-36,23328;12,18764;47,86698
Platform Panic;15;2,462786;-36,23328;12,18764;47,86698
Platform Panic;15;2,465772;-36,23328;12,18764;47,86698
Platform Panic;15;2,468585;-36,23328;12,18764;47,86698
Platform Panic;15;2,470939;-36,23328;12,18764;47,86698
Platform Panic;15;2,47392;-36,23328;12,18764;47,86698
Platform Panic;15;2,476423;-36,23328;12,18764;47,86698
Platform Panic;15;2,479297;-36,23328;12,18764;47,86698
Platform Panic;15;2,482634;-36,23328;12,18764;47,86698
Platform Panic;15;2,484482;-36,23328;12,18764;47,86698
Platform Panic;15;2,486494;-36,23328;12,18764;47,86698
Platform Panic;15;2,488387;-36,23328;12,18764;47,86698
Platform Panic;15;2,490227;-36,23328;12,18764;47,86698
Platform Panic;15;2,491889;-36,23328;12,18764;47,86698
Platform Panic;15;2,493567;-36,23328;12,18764;47,86698
Platform Panic;15;2,495369;-36,23328;12,18764;47,86698
Platform Panic;15;2,497707;-36,23328;12,18764;47,86698
Platform Panic;15;2,500469;-36,23328;12,18764;47,86698
Platform Panic;15;2,502559;-36,23328;12,18764;47,86698
Platform Panic;15;2,50487;-36,23328;12,18764;47,86697
Platform Panic;15;2,507262;-36,23328;12,18764;47,86697
Platform Panic;15;2,5094;-36,23328;12,18764;47,86697
Platform Panic;15;2,511221;-36,23328;12,18764;47,86697
Platform Panic;15;2,513001;-36,23328;12,18764;47,86697
Platform Panic;15;2,514937;-36,23328;12,18764;47,86697
Platform Panic;15;2,516915;-36,23328;12,18764;47,86697
Platform Panic;15;2,518796;-36,23328;12,18764;47,86697
Platform Panic;15;2,520664;-36,23328;12,18764;47,86697
Platform Panic;15;2,522434;-36,23328;12,18764;47,86697
Platform Panic;15;2,524314;-36,23328;12,18764;47,86698
Platform Panic;15;2,526429;-36,23328;12,18764;47,86698
Platform Panic;15;2,528751;-36,23328;12,18764;47,86698
Platform Panic;15;2,530561;-36,23328;12,18764;47,86698
Platform Panic;15;2,533245;-36,23328;12,18764;47,86698
Platform Panic;15;2,536005;-36,23328;12,18764;47,86698
Platform Panic;15;2,538083;-36,23328;12,18764;47,86698
Platform Panic;15;2,539961;-36,23328;12,18764;47,86698
Platform Panic;15;2,541872;-36,23328;12,18764;47,86698
Platform Panic;15;2,543596;-36,23328;12,18764;47,86698
Platform Panic;15;2,54537;-36,23328;12,18764;47,86697
Platform Panic;15;2,547422;-36,23328;12,18764;47,86697
Platform Panic;15;2,549365;-36,23328;12,18764;47,86697
Platform Panic;15;2,551419;-36,23328;12,18764;47,86697
Platform Panic;15;2,553753;-36,23328;12,18764;47,86697
Platform Panic;15;2,555921;-36,23328;12,18764;47,86697
Platform Panic;15;2,558502;-36,23328;12,18764;47,86697
Platform Panic;15;2,561278;-36,23328;12,18764;47,86697
Platform Panic;15;2,563592;-36,23328;12,18764;47,86697
Platform Panic;15;2,566463;-36,23328;12,18764;47,86697
Platform Panic;15;2,569579;-36,23328;12,18764;47,86697
Platform Panic;15;2,571816;-36,23328;12,18764;47,86697
Platform Panic;15;2,573647;-36,23328;12,18764;47,86697
Platform Panic;15;2,575601;-36,23328;12,18764;47,86697
Platform Panic;15;2,577541;-36,23328;12,18764;47,86697
Platform Panic;15;2,579524;-36,23328;12,18764;47,86697
Platform Panic;15;2,58138;-36,23328;12,18764;47,86697
Platform Panic;15;2,58326;-36,23328;12,18764;47,86697
Platform Panic;15;2,58495;-36,23328;12,18764;47,86697
Platform Panic;15;2,586845;-36,23328;12,18764;47,86697
Platform Panic;15;2,588491;-36,23328;12,18764;47,86697
Platform Panic;15;2,590213;-36,23328;12,18764;47,86697
Platform Panic;15;2,591884;-36,23328;12,18764;47,86697
Platform Panic;15;2,593561;-36,23328;12,18764;47,86697
Platform Panic;15;2,595216;-36,23328;12,18764;47,86697
Platform Panic;15;2,596975;-36,23328;12,18764;47,86697
Platform Panic;15;2,599583;-36,23328;12,18764;47,86697
Platform Panic;15;2,601697;-36,23328;12,18764;47,86697
Platform Panic;15;2,603589;-36,23328;12,18764;47,86697
Platform Panic;15;2,60568;-36,23328;12,18764;47,86697
Platform Panic;15;2,607691;-36,23328;12,18764;47,86697
Platform Panic;15;2,609724;-36,23328;12,18764;47,86697
Platform Panic;15;2,611448;-36,23328;12,18764;47,86697
Platform Panic;15;2,615686;-36,23328;12,18764;47,86697
Platform Panic;15;2,61793;-36,23328;12,18764;47,86697
Platform Panic;15;2,620375;-36,23328;12,18764;47,86697
Platform Panic;15;2,62206;-36,23328;12,18764;47,86697
Platform Panic;15;2,623776;-36,23328;12,18764;47,86697
Platform Panic;15;2,625983;-36,23328;12,18764;47,86697
Platform Panic;15;2,627675;-36,23328;12,18764;47,86697
Platform Panic;15;2,629317;-36,23328;12,18764;47,86697
Platform Panic;15;2,631441;-36,23328;12,18764;47,86697
Platform Panic;15;2,63454;-36,23328;12,18764;47,86697
Platform Panic;15;2,636698;-36,23328;12,18764;47,86697
Platform Panic;15;2,638917;-36,23328;12,18764;47,86697
Platform Panic;15;2,641022;-36,23328;12,18764;47,86697
Platform Panic;15;2,642813;-36,23328;12,18764;47,86697
Platform Panic;15;2,64469;-36,23328;12,18764;47,86697
Platform Panic;15;2,647001;-36,23328;12,18764;47,86697
Platform Panic;15;2,649241;-36,23328;12,18764;47,86697
Platform Panic;15;2,651079;-36,23328;12,18764;47,86697
Platform Panic;15;2,652901;-36,23328;12,18764;47,86697
Platform Panic;15;2,654628;-36,23328;12,18764;47,86697
Platform Panic;15;2,656615;-36,23328;12,18764;47,86697
Platform Panic;15;2,65839;-36,23328;12,18764;47,86697
Platform Panic;15;2,660126;-36,23328;12,18764;47,86697
Platform Panic;15;2,661919;-36,23328;12,18764;47,86697
Platform Panic;15;2,663671;-36,23328;12,18764;47,86697
Platform Panic;15;2,666152;-36,23328;12,18764;47,86697
Platform Panic;15;2,668776;-36,23328;12,18764;47,86697
Platform Panic;15;2,67088;-36,23328;12,18764;47,86697
Platform Panic;15;2,673402;-36,23328;12,18764;47,86697
Platform Panic;15;2,675879;-36,23328;12,18764;47,86697
Platform Panic;15;2,677775;-36,23328;12,18764;47,86697
Platform Panic;15;2,679633;-36,23328;12,18764;47,86697
Platform Panic;15;2,681941;-36,23328;12,18764;47,86697
Platform Panic;15;2,684436;-36,23328;12,18764;47,86697
Platform Panic;15;2,686907;-36,23328;12,18764;47,86697
Platform Panic;15;2,689037;-36,23328;12,18764;47,86697
Platform Panic;15;2,690781;-36,23328;12,18764;47,86697
Platform Panic;15;2,692461;-36,23328;12,18764;47,86697
Platform Panic;15;2,694199;-36,23328;12,18764;47,86697
Platform Panic;15;2,695909;-36,23328;12,18764;47,86697
Platform Panic;15;2,698187;-36,23328;12,18764;47,86697
Platform Panic;15;2,701184;-36,23328;12,18764;47,86697
Platform Panic;15;2,703338;-36,23328;12,18764;47,86697
Platform Panic;15;2,705494;-36,23328;12,18764;47,86697
Platform Panic;15;2,707687;-36,23328;12,18764;47,86697
Platform Panic;15;2,709617;-36,23328;12,18764;47,86697
Platform Panic;15;2,711472;-36,23328;12,18764;47,86697
Platform Panic;15;2,713182;-36,23328;12,18764;47,86697
Platform Panic;15;2,715393;-36,23328;12,18764;47,86697
Platform Panic;15;2,717863;-36,23328;12,18764;47,86697
Platform Panic;15;2,720063;-36,23328;12,18764;47,86697
Platform Panic;15;2,72202;-36,23328;12,18764;47,86697
Platform Panic;15;2,724024;-36,23328;12,18764;47,86697
Platform Panic;15;2,72636;-36,23328;12,18764;47,86697
Platform Panic;15;2,728256;-36,23328;12,18764;47,86697
Platform Panic;15;2,730383;-36,23328;12,18764;47,86697
Platform Panic;15;2,732651;-36,23328;12,18764;47,86697
Platform Panic;15;2,734937;-36,23328;12,18764;47,86697
Platform Panic;15;2,73975;-36,23328;12,18764;47,86697
Platform Panic;15;2,742853;-36,23328;12,18764;47,86697
Platform Panic;15;2,744756;-36,23328;12,18764;47,86697
Platform Panic;15;2,746819;-36,23328;12,18764;47,86697
Platform Panic;15;2,74888;-36,23328;12,18764;47,86697
Platform Panic;15;2,751015;-36,23328;12,18764;47,86697
Platform Panic;15;2,752922;-36,23328;12,18764;47,86697
Platform Panic;15;2,755029;-36,23328;12,18764;47,86697
Platform Panic;15;2,756777;-36,23328;12,18764;47,86697
Platform Panic;15;2,75858;-36,23328;12,18764;47,86697
Platform Panic;15;2,760574;-36,23328;12,18764;47,86697
Platform Panic;15;2,762302;-36,23328;12,18764;47,86697
Platform Panic;15;2,764926;-36,23328;12,18764;47,86697
Platform Panic;15;2,767849;-36,23328;12,18764;47,86697
Platform Panic;15;2,770425;-36,23328;12,18764;47,86697
Platform Panic;15;2,77252;-36,23328;12,18764;47,86697
Platform Panic;15;2,774387;-36,23328;12,18764;47,86697
Platform Panic;15;2,776443;-36,23328;12,18764;47,86697
Platform Panic;15;2,778232;-36,23328;12,18764;47,86697
Platform Panic;15;2,779996;-36,23328;12,18764;47,86697
Platform Panic;15;2,781714;-36,23328;12,18764;47,86697
Platform Panic;15;2,783438;-36,23328;12,18764;47,86697
Platform Panic;15;2,785555;-36,23329;12,18764;47,86697
Platform Panic;15;2,787812;-36,23329;12,18764;47,86697
Platform Panic;15;2,789972;-36,23329;12,18764;47,86697
Platform Panic;15;2,791692;-36,23329;12,18764;47,86697
Platform Panic;15;2,793343;-36,23329;12,18764;47,86697
Platform Panic;15;2,794961;-36,23329;12,18764;47,86697
Platform Panic;15;2,79661;-36,23329;12,18764;47,86697
Platform Panic;15;2,799773;-36,23329;12,18764;47,86697
Platform Panic;15;2,804392;-36,23328;12,18764;47,86697
Platform Panic;15;2,80657;-36,23328;12,18764;47,86697
Platform Panic;15;2,808366;-36,23328;12,18764;47,86697
Platform Panic;15;2,81005;-36,23328;12,18764;47,86697
Platform Panic;15;2,811821;-36,23328;12,18764;47,86697
Platform Panic;15;2,813479;-36,23328;12,18764;47,86697
Platform Panic;15;2,815128;-36,23328;12,18764;47,86697
Platform Panic;15;2,816795;-36,23328;12,18764;47,86697
Platform Panic;15;2,818501;-36,23328;12,18764;47,86697
Platform Panic;15;2,820156;-36,23328;12,18764;47,86697
Platform Panic;15;2,82189;-36,23328;12,18764;47,86697
Platform Panic;15;2,823567;-36,23328;12,18764;47,86697
Platform Panic;15;2,827711;-36,23328;12,18764;47,86697
