Out Of The Box;1;0,0089438;Red Large button;0;0;0;0;Blue Large button;0;0;0;0;Large button (1);0;0;0;0;Large button (2);0;0;0;0;Large button (3);0;0;0;0;4,816091;-51,19178;29,95507
Out Of The Box;1;0,0178876;Red Large button;0;-5,679999;1,221545;-5,679999;Blue Large button;0;-5,419999;1,221545;-5,419999;Large button (1);0;32,37913;1,221545;32,37913;Large button (2);0;32,28028;1,221545;32,28028;Large button (3);0;32,28028;1,221545;32,28028;-13,84147;4,331243;-3,895717
Out Of The Box;1;0,0378876;Red Large button;0;-5,679999;1,221545;-5,679999;Blue Large button;0;-5,419999;1,221545;-5,419999;Large button (1);0;32,37913;1,221545;32,37913;Large button (2);0;32,28028;1,221545;32,28028;Large button (3);0;32,28028;1,221545;32,28028;-13,84147;4,329185;-3,895717
Out Of The Box;1;0,0557068;Red Large button;0;-5,679999;1,221545;-5,679999;Blue Large button;0;-5,419999;1,221545;-5,419999;Large button (1);0;32,37913;1,221545;32,37913;Large button (2);0;32,28028;1,221545;32,28028;Large button (3);0;32,28028;1,221545;32,28028;-13,84147;4,324092;-3,895717
Out Of The Box;1;0,0677074;Red Large button;0;-5,679999;1,221545;-5,679999;Blue Large button;0;-5,419999;1,221545;-5,419999;Large button (1);0;32,37913;1,221545;32,37913;Large button (2);0;32,28028;1,221545;32,28028;Large button (3);0;32,28028;1,221545;32,28028;-13,84148;4,319362;-3,895717
Out Of The Box;1;0,0789336;Red Large button;0;-5,679999;1,221545;-5,679999;Blue Large button;0;-5,419999;1,221545;-5,419999;Large button (1);0;32,37913;1,221545;32,37913;Large button (2);0;32,28028;1,221545;32,28028;Large button (3);0;32,28028;1,221545;32,28028;-13,84148;4,319362;-3,895717
Out Of The Box;1;0,09033079;Red Large button;0;-5,679999;1,221545;-5,679999;Blue Large button;0;-5,419999;1,221545;-5,419999;Large button (1);0;32,37913;1,221545;32,37913;Large button (2);0;32,28028;1,221545;32,28028;Large button (3);0;32,28028;1,221545;32,28028;-13,84147;4,305641;-3,895717
Out Of The Box;1;0,1027524;Red Large button;0;-5,679999;1,221545;-5,679999;Blue Large button;0;-5,419999;1,221545;-5,419999;Large button (1);0;32,37913;1,221545;32,37913;Large button (2);0;32,28028;1,221545;32,28028;Large button (3);0;32,28028;1,221545;32,28028;-13,84147;4,305641;-3,895717
Out Of The Box;1;0,113799;Red Large button;0;-5,679999;1,221545;-5,679999;Blue Large button;0;-5,419999;1,221545;-5,419999;Large button (1);0;32,37913;1,221545;32,37913;Large button (2);0;32,28028;1,221545;32,28028;Large button (3);0;32,28028;1,221545;32,28028;-13,84147;4,286299;-3,895717
Out Of The Box;1;0,1254278;Red Large button;0;-5,679999;1,221545;-5,679999;Blue Large button;0;-5,419999;1,221545;-5,419999;Large button (1);0;32,37913;1,221545;32,37913;Large button (2);0;32,28028;1,221545;32,28028;Large button (3);0;32,28028;1,221545;32,28028;-13,84147;4,286299;-3,895717
Out Of The Box;1;0,1377863;Red Large button;0;-5,679999;1,221545;-5,679999;Blue Large button;0;-5,419999;1,221545;-5,419999;Large button (1);0;32,37913;1,221545;32,37913;Large button (2);0;32,28028;1,221545;32,28028;Large button (3);0;32,28028;1,221545;32,28028;-13,84147;4,261266;-3,895717
Out Of The Box;1;0,1501885;Red Large button;0;-5,679999;1,221545;-5,679999;Blue Large button;0;-5,419999;1,221545;-5,419999;Large button (1);0;32,37913;1,221545;32,37913;Large button (2);0;32,28028;1,221545;32,28028;Large button (3);0;32,28028;1,221545;32,28028;-13,84147;4,246469;-3,895717
Out Of The Box;1;0,161541;Red Large button;0;-5,679999;1,221545;-5,679999;Blue Large button;0;-5,419999;1,221545;-5,419999;Large button (1);0;32,37913;1,221545;32,37913;Large button (2);0;32,28028;1,221545;32,28028;Large button (3);0;32,28028;1,221545;32,28028;-13,84147;4,246469;-3,895717
Out Of The Box;1;0,172681;Red Large button;0;-5,679999;1,221545;-5,679999;Blue Large button;0;-5,419999;1,221545;-5,419999;Large button (1);0;32,37913;1,221545;32,37913;Large button (2);0;32,28028;1,221545;32,28028;Large button (3);0;32,28028;1,221545;32,28028;-13,84147;4,215394;-3,895717
Out Of The Box;1;0,1861778;Red Large button;0;-5,679999;1,221545;-5,679999;Blue Large button;0;-5,419999;1,221545;-5,419999;Large button (1);0;32,37913;1,221545;32,37913;Large button (2);0;32,28028;1,221545;32,28028;Large button (3);0;32,28028;1,221545;32,28028;-13,84147;4,215394;-3,895717
Out Of The Box;1;0,1973549;Red Large button;0;-5,679999;1,221545;-5,679999;Blue Large button;0;-5,419999;1,221545;-5,419999;Large button (1);0;32,37913;1,221545;32,37913;Large button (2);0;32,28028;1,221545;32,28028;Large button (3);0;32,28028;1,221545;32,28028;-13,84147;4,175954;-3,895717
Out Of The Box;1;0,2087451;Red Large button;0;-5,679999;1,221545;-5,679999;Blue Large button;0;-5,419999;1,221545;-5,419999;Large button (1);0;32,37913;1,221545;32,37913;Large button (2);0;32,28028;1,221545;32,28028;Large button (3);0;32,28028;1,221545;32,28028;-13,84147;4,156238;-3,895717
Out Of The Box;1;0,2200795;Red Large button;0;-5,679999;1,221545;-5,679999;Blue Large button;0;-5,419999;1,221545;-5,419999;Large button (1);0;32,37913;1,221545;32,37913;Large button (2);0;32,28028;1,221545;32,28028;Large button (3);0;32,28028;1,221545;32,28028;-13,84147;4,156238;-3,895717
Out Of The Box;1;0,231307;Red Large button;0;-5,679999;1,221545;-5,679999;Blue Large button;0;-5,419999;1,221545;-5,419999;Large button (1);0;32,37913;1,221545;32,37913;Large button (2);0;32,28028;1,221545;32,28028;Large button (3);0;32,28028;1,221545;32,28028;-13,84147;4,11283;-3,895717
Out Of The Box;1;0,2425062;Red Large button;0;-5,679999;1,221545;-5,679999;Blue Large button;0;-5,419999;1,221545;-5,419999;Large button (1);0;32,37913;1,221545;32,37913;Large button (2);0;32,28028;1,221545;32,28028;Large button (3);0;32,28028;1,221545;32,28028;-13,84147;4,11283;-3,895717
Out Of The Box;1;0,2538891;Red Large button;0;-5,679999;1,221545;-5,679999;Blue Large button;0;-5,419999;1,221545;-5,419999;Large button (1);0;32,37913;1,221545;32,37913;Large button (2);0;32,28028;1,221545;32,28028;Large button (3);0;32,28028;1,221545;32,28028;-13,84147;4,064786;-3,895717
Out Of The Box;1;0,2651436;Red Large button;0;-5,679999;1,221545;-5,679999;Blue Large button;0;-5,419999;1,221545;-5,419999;Large button (1);0;32,37913;1,221545;32,37913;Large button (2);0;32,28028;1,221545;32,28028;Large button (3);0;32,28028;1,221545;32,28028;-13,84147;4,064786;-3,895717
Out Of The Box;1;0,2763122;Red Large button;0;-5,679999;1,221545;-5,679999;Blue Large button;0;-5,419999;1,221545;-5,419999;Large button (1);0;32,37913;1,221545;32,37913;Large button (2);0;32,28028;1,221545;32,28028;Large button (3);0;32,28028;1,221545;32,28028;-13,84147;4,012589;-3,895716
Out Of The Box;1;0,2882622;Red Large button;0;-5,679999;1,221545;-5,679999;Blue Large button;0;-5,419999;1,221545;-5,419999;Large button (1);0;32,37913;1,221545;32,37913;Large button (2);0;32,28028;1,221545;32,28028;Large button (3);0;32,28028;1,221545;32,28028;-13,84147;3,983319;-3,895716
Out Of The Box;1;0,299996;Red Large button;0;-5,679999;1,221545;-5,679999;Blue Large button;0;-5,419999;1,221545;-5,419999;Large button (1);0;32,37913;1,221545;32,37913;Large button (2);0;32,28028;1,221545;32,28028;Large button (3);0;32,28028;1,221545;32,28028;-13,84147;3,983319;-3,895716
Out Of The Box;1;0,3111996;Red Large button;0;-5,679999;1,221545;-5,679999;Blue Large button;0;-5,419999;1,221545;-5,419999;Large button (1);0;32,37913;1,221545;32,37913;Large button (2);0;32,28028;1,221545;32,28028;Large button (3);0;32,28028;1,221545;32,28028;-13,84147;3,922655;-3,895716
Out Of The Box;1;0,3228697;Red Large button;0;-5,679999;1,221545;-5,679999;Blue Large button;0;-5,419999;1,221545;-5,419999;Large button (1);0;32,37913;1,221545;32,37913;Large button (2);0;32,28028;1,221545;32,28028;Large button (3);0;32,28028;1,221545;32,28028;-13,84147;3,922655;-3,895716
Out Of The Box;1;0,334444;Red Large button;0;-5,679999;1,221545;-5,679999;Blue Large button;0;-5,419999;1,221545;-5,419999;Large button (1);0;32,37913;1,221545;32,37913;Large button (2);0;32,28028;1,221545;32,28028;Large button (3);0;32,28028;1,221545;32,28028;-13,84147;3,856483;-3,895716
Out Of The Box;1;0,3453561;Red Large button;0;-5,679999;1,221545;-5,679999;Blue Large button;0;-5,419999;1,221545;-5,419999;Large button (1);0;32,37913;1,221545;32,37913;Large button (2);0;32,28028;1,221545;32,28028;Large button (3);0;32,28028;1,221545;32,28028;-13,84147;3,856483;-3,895716
Out Of The Box;1;0,3566811;Red Large button;0;-5,679999;1,221545;-5,679999;Blue Large button;0;-5,419999;1,221545;-5,419999;Large button (1);0;32,37913;1,221545;32,37913;Large button (2);0;32,28028;1,221545;32,28028;Large button (3);0;32,28028;1,221545;32,28028;-13,84147;3,78883;-3,895715
Out Of The Box;1;0,3686876;Red Large button;0;-5,679999;1,221545;-5,679999;Blue Large button;0;-5,419999;1,221545;-5,419999;Large button (1);0;32,37913;1,221545;32,37913;Large button (2);0;32,28028;1,221545;32,28028;Large button (3);0;32,28028;1,221545;32,28028;-13,84147;3,750849;-3,895715
Out Of The Box;1;0,3801393;Red Large button;0;-5,679999;1,221545;-5,679999;Blue Large button;0;-5,419999;1,221545;-5,419999;Large button (1);0;32,37913;1,221545;32,37913;Large button (2);0;32,28028;1,221545;32,28028;Large button (3);0;32,28028;1,221545;32,28028;-13,84147;3,750849;-3,895715
Out Of The Box;1;0,3912334;Red Large button;0;-5,679999;1,221545;-5,679999;Blue Large button;0;-5,419999;1,221545;-5,419999;Large button (1);0;32,37913;1,221545;32,37913;Large button (2);0;32,28028;1,221545;32,28028;Large button (3);0;32,28028;1,221545;32,28028;-13,84146;3,675368;-3,895715
Out Of The Box;1;0,4028389;Red Large button;0;-5,679999;1,221545;-5,679999;Blue Large button;0;-5,419999;1,221545;-5,419999;Large button (1);0;32,37913;1,221545;32,37913;Large button (2);0;32,28028;1,221545;32,28028;Large button (3);0;32,28028;1,221545;32,28028;-13,84146;3,675368;-3,895715
Out Of The Box;1;0,4142015;Red Large button;0;-5,679999;1,221545;-5,679999;Blue Large button;0;-5,419999;1,221545;-5,419999;Large button (1);0;32,37913;1,221545;32,37913;Large button (2);0;32,28028;1,221545;32,28028;Large button (3);0;32,28028;1,221545;32,28028;-13,84146;3,594007;-3,895715
Out Of The Box;1;0,4253596;Red Large button;0;-5,679999;1,221545;-5,679999;Blue Large button;0;-5,419999;1,221545;-5,419999;Large button (1);0;32,37913;1,221545;32,37913;Large button (2);0;32,28028;1,221545;32,28028;Large button (3);0;32,28028;1,221545;32,28028;-13,84146;3,594007;-3,895715
Out Of The Box;1;0,4377978;Red Large button;0;-5,679999;1,221545;-5,679999;Blue Large button;0;-5,419999;1,221545;-5,419999;Large button (1);0;32,37913;1,221545;32,37913;Large button (2);0;32,28028;1,221545;32,28028;Large button (3);0;32,28028;1,221545;32,28028;-13,84146;3,505792;-3,895715
Out Of The Box;1;0,4524357;Red Large button;0;-5,679999;1,221545;-5,679999;Blue Large button;0;-5,419999;1,221545;-5,419999;Large button (1);0;32,37913;1,221545;32,37913;Large button (2);0;32,28028;1,221545;32,28028;Large button (3);0;32,28028;1,221545;32,28028;-13,84146;3,448811;-3,895715
Out Of The Box;1;0,4635588;Red Large button;0;-5,679999;1,221545;-5,679999;Blue Large button;0;-5,419999;1,221545;-5,419999;Large button (1);0;32,37913;1,221545;32,37913;Large button (2);0;32,28028;1,221545;32,28028;Large button (3);0;32,28028;1,221545;32,28028;-13,84146;3,448811;-3,895715
Out Of The Box;1;0,4748363;Red Large button;0;-5,679999;1,221545;-5,679999;Blue Large button;0;-5,419999;1,221545;-5,419999;Large button (1);0;32,37913;1,221545;32,37913;Large button (2);0;32,28028;1,221545;32,28028;Large button (3);0;32,28028;1,221545;32,28028;-13,84146;3,357872;-3,895715
Out Of The Box;1;0,4865257;Red Large button;0;-5,679999;1,221545;-5,679999;Blue Large button;0;-5,419999;1,221545;-5,419999;Large button (1);0;32,37913;1,221545;32,37913;Large button (2);0;32,28028;1,221545;32,28028;Large button (3);0;32,28028;1,221545;32,28028;-13,84146;3,357872;-3,895715
Out Of The Box;1;0,4982454;Red Large button;0;-5,679999;1,221545;-5,679999;Blue Large button;0;-5,419999;1,221545;-5,419999;Large button (1);0;32,37913;1,221545;32,37913;Large button (2);0;32,28028;1,221545;32,28028;Large button (3);0;32,28028;1,221545;32,28028;-13,84146;3,260937;-3,895715
Out Of The Box;1;0,5093806;Red Large button;0;-5,679999;1,221545;-5,679999;Blue Large button;0;-5,419999;1,221545;-5,419999;Large button (1);0;32,37913;1,221545;32,37913;Large button (2);0;32,28028;1,221545;32,28028;Large button (3);0;32,28028;1,221545;32,28028;-13,84146;3,215343;-3,895715
Out Of The Box;1;0,5228539;Red Large button;0;-5,679999;1,221545;-5,679999;Blue Large button;0;-5,419999;1,221545;-5,419999;Large button (1);0;32,37913;1,221545;32,37913;Large button (2);0;32,28028;1,221545;32,28028;Large button (3);0;32,28028;1,221545;32,28028;-13,84146;3,215343;-3,895715
Out Of The Box;1;0,5341222;Red Large button;0;-5,679999;1,221545;-5,679999;Blue Large button;0;-5,419999;1,221545;-5,419999;Large button (1);0;32,37913;1,221545;32,37913;Large button (2);0;32,28028;1,221545;32,28028;Large button (3);0;32,28028;1,221545;32,28028;-13,84146;3,115664;-3,895715
Out Of The Box;1;0,5464703;Red Large button;0;-5,679999;1,221545;-5,679999;Blue Large button;0;-5,419999;1,221545;-5,419999;Large button (1);0;32,37913;1,221545;32,37913;Large button (2);0;32,28028;1,221545;32,28028;Large button (3);0;32,28028;1,221545;32,28028;-13,84146;3,115664;-3,895715
Out Of The Box;1;0,5584432;Red Large button;0;-5,679999;1,221545;-5,679999;Blue Large button;0;-5,419999;1,221545;-5,419999;Large button (1);0;32,37913;1,221545;32,37913;Large button (2);0;32,28028;1,221545;32,28028;Large button (3);0;32,28028;1,221545;32,28028;-13,84146;3,019329;-3,895715
Out Of The Box;1;0,5709199;Red Large button;0;-5,679999;1,221545;-5,679999;Blue Large button;0;-5,419999;1,221545;-5,419999;Large button (1);0;32,37913;1,221545;32,37913;Large button (2);0;32,28028;1,221545;32,28028;Large button (3);0;32,28028;1,221545;32,28028;-13,84146;2,970468;-3,895715
Out Of The Box;1;0,5848941;Red Large button;0;-5,679999;1,221545;-5,679999;Blue Large button;0;-5,419999;1,221545;-5,419999;Large button (1);0;32,37913;1,221545;32,37913;Large button (2);0;32,28028;1,221545;32,28028;Large button (3);0;32,28028;1,221545;32,28028;-13,84146;2,970468;-3,895715
Out Of The Box;1;0,5966592;Red Large button;0;-5,679999;1,221545;-5,679999;Blue Large button;0;-5,419999;1,221545;-5,419999;Large button (1);0;32,37913;1,221545;32,37913;Large button (2);0;32,28028;1,221545;32,28028;Large button (3);0;32,28028;1,221545;32,28028;-13,84146;2,927218;-3,895715
Out Of The Box;1;0,6089354;Red Large button;0;-5,679999;1,221545;-5,679999;Blue Large button;0;-5,419999;1,221545;-5,419999;Large button (1);0;32,37913;1,221545;32,37913;Large button (2);0;32,28028;1,221545;32,28028;Large button (3);0;32,28028;1,221545;32,28028;-13,84146;2,951341;-3,895714
Out Of The Box;1;0,6208007;Red Large button;0;-5,679999;1,221545;-5,679999;Blue Large button;0;-5,419999;1,221545;-5,419999;Large button (1);0;32,37913;1,221545;32,37913;Large button (2);0;32,28028;1,221545;32,28028;Large button (3);0;32,28028;1,221545;32,28028;-13,84146;2,951341;-3,895714
Out Of The Box;1;0,6325682;Red Large button;0;-5,679999;1,221545;-5,679999;Blue Large button;0;-5,419999;1,221545;-5,419999;Large button (1);0;32,37913;1,221545;32,37913;Large button (2);0;32,28028;1,221545;32,28028;Large button (3);0;32,28028;1,221545;32,28028;-13,84146;2,959877;-3,895715
Out Of The Box;1;0,6439412;Red Large button;0;-5,679999;1,221545;-5,679999;Blue Large button;0;-5,419999;1,221545;-5,419999;Large button (1);0;32,37913;1,221545;32,37913;Large button (2);0;32,28028;1,221545;32,28028;Large button (3);0;32,28028;1,221545;32,28028;-13,84146;2,959877;-3,895715
Out Of The Box;1;0,6559179;Red Large button;0;-5,679999;1,221545;-5,679999;Blue Large button;0;-5,419999;1,221545;-5,419999;Large button (1);0;32,37913;1,221545;32,37913;Large button (2);0;32,28028;1,221545;32,28028;Large button (3);0;32,28028;1,221545;32,28028;-13,84146;2,961329;-3,895715
Out Of The Box;1;0,6689633;Red Large button;0;-5,679999;1,221545;-5,679999;Blue Large button;0;-5,419999;1,221545;-5,419999;Large button (1);0;32,37913;1,221545;32,37913;Large button (2);0;32,28028;1,221545;32,28028;Large button (3);0;32,28028;1,221545;32,28028;-13,84145;2,961533;-3,895715
Out Of The Box;1;0,6808581;Red Large button;0;-5,679999;1,221545;-5,679999;Blue Large button;0;-5,419999;1,221545;-5,419999;Large button (1);0;32,37913;1,221545;32,37913;Large button (2);0;32,28028;1,221545;32,28028;Large button (3);0;32,28028;1,221545;32,28028;-13,84145;2,961533;-3,895715
Out Of The Box;1;0,6925544;Red Large button;0;-5,679999;1,221545;-5,679999;Blue Large button;0;-5,419999;1,221545;-5,419999;Large button (1);0;32,37913;1,221545;32,37913;Large button (2);0;32,28028;1,221545;32,28028;Large button (3);0;32,28028;1,221545;32,28028;-13,84145;2,961597;-3,895715
Out Of The Box;1;0,7041804;Red Large button;0;-5,679999;1,221545;-5,679999;Blue Large button;0;-5,419999;1,221545;-5,419999;Large button (1);0;32,37913;1,221545;32,37913;Large button (2);0;32,28028;1,221545;32,28028;Large button (3);0;32,28028;1,221545;32,28028;-13,84145;2,961597;-3,895715
Out Of The Box;1;0,714879;Red Large button;0;-5,679999;1,221545;-5,679999;Blue Large button;0;-5,419999;1,221545;-5,419999;Large button (1);0;32,37913;1,221545;32,37913;Large button (2);0;32,28028;1,221545;32,28028;Large button (3);0;32,28028;1,221545;32,28028;-13,84146;2,961608;-3,895715
Out Of The Box;1;0,7254253;Red Large button;0;-5,679999;1,221545;-5,679999;Blue Large button;0;-5,419999;1,221545;-5,419999;Large button (1);0;32,37913;1,221545;32,37913;Large button (2);0;32,28028;1,221545;32,28028;Large button (3);0;32,28028;1,221545;32,28028;-13,84146;2,961608;-3,895715
Out Of The Box;1;0,7362209;Red Large button;0;-5,679999;1,221545;-5,679999;Blue Large button;0;-5,419999;1,221545;-5,419999;Large button (1);0;32,37913;1,221545;32,37913;Large button (2);0;32,28028;1,221545;32,28028;Large button (3);0;32,28028;1,221545;32,28028;-13,84146;2,961608;-3,895715
Out Of The Box;1;0,747025;Red Large button;0;-5,679999;1,221545;-5,679999;Blue Large button;0;-5,419999;1,221545;-5,419999;Large button (1);0;32,37913;1,221545;32,37913;Large button (2);0;32,28028;1,221545;32,28028;Large button (3);0;32,28028;1,221545;32,28028;-13,84146;2,961608;-3,895715
Out Of The Box;1;0,7574723;Red Large button;0;-5,679999;1,221545;-5,679999;Blue Large button;0;-5,419999;1,221545;-5,419999;Large button (1);0;32,37913;1,221545;32,37913;Large button (2);0;32,28028;1,221545;32,28028;Large button (3);0;32,28028;1,221545;32,28028;-13,84146;2,961611;-3,895715
Out Of The Box;1;0,7681758;Red Large button;0;-5,679999;1,221545;-5,679999;Blue Large button;0;-5,419999;1,221545;-5,419999;Large button (1);0;32,37913;1,221545;32,37913;Large button (2);0;32,28028;1,221545;32,28028;Large button (3);0;32,28028;1,221545;32,28028;-13,84146;2,961615;-3,895715
Out Of The Box;1;0,7785819;Red Large button;0;-5,679999;1,221545;-5,679999;Blue Large button;0;-5,419999;1,221545;-5,419999;Large button (1);0;32,37913;1,221545;32,37913;Large button (2);0;32,28028;1,221545;32,28028;Large button (3);0;32,28028;1,221545;32,28028;-13,84146;2,961615;-3,895715
Out Of The Box;1;0,7891707;Red Large button;0;-5,679999;1,221545;-5,679999;Blue Large button;0;-5,419999;1,221545;-5,419999;Large button (1);0;32,37913;1,221545;32,37913;Large button (2);0;32,28028;1,221545;32,28028;Large button (3);0;32,28028;1,221545;32,28028;-13,84146;2,961613;-3,895715
Out Of The Box;1;0,8006268;Red Large button;0;-5,679999;1,221545;-5,679999;Blue Large button;0;-5,419999;1,221545;-5,419999;Large button (1);0;32,37913;1,221545;32,37913;Large button (2);0;32,28028;1,221545;32,28028;Large button (3);0;32,28028;1,221545;32,28028;-13,84146;2,961613;-3,895715
Out Of The Box;1;0,811119;Red Large button;0;-5,679999;1,221545;-5,679999;Blue Large button;0;-5,419999;1,221545;-5,419999;Large button (1);0;32,37913;1,221545;32,37913;Large button (2);0;32,28028;1,221545;32,28028;Large button (3);0;32,28028;1,221545;32,28028;-13,84146;2,961606;-3,895716
Out Of The Box;1;0,8226017;Red Large button;0;-5,679999;1,221545;-5,679999;Blue Large button;0;-5,419999;1,221545;-5,419999;Large button (1);0;32,37913;1,221545;32,37913;Large button (2);0;32,28028;1,221545;32,28028;Large button (3);0;32,28028;1,221545;32,28028;-13,84146;2,961606;-3,895716
Out Of The Box;1;0,8335673;Red Large button;0;-5,679999;1,221545;-5,679999;Blue Large button;0;-5,419999;1,221545;-5,419999;Large button (1);0;32,37913;1,221545;32,37913;Large button (2);0;32,28028;1,221545;32,28028;Large button (3);0;32,28028;1,221545;32,28028;-13,84146;2,961608;-3,895717
Out Of The Box;1;0,8445246;Red Large button;0;-5,679999;1,221545;-5,679999;Blue Large button;0;-5,419999;1,221545;-5,419999;Large button (1);0;32,37913;1,221545;32,37913;Large button (2);0;32,28028;1,221545;32,28028;Large button (3);0;32,28028;1,221545;32,28028;-13,84146;2,961608;-3,895717
Out Of The Box;1;0,8557788;Red Large button;0;-5,679999;1,221545;-5,679999;Blue Large button;0;-5,419999;1,221545;-5,419999;Large button (1);0;32,37913;1,221545;32,37913;Large button (2);0;32,28028;1,221545;32,28028;Large button (3);0;32,28028;1,221545;32,28028;-13,84146;2,961609;-3,895716
Out Of The Box;1;0,8665686;Red Large button;0;-5,679999;1,221545;-5,679999;Blue Large button;0;-5,419999;1,221545;-5,419999;Large button (1);0;32,37913;1,221545;32,37913;Large button (2);0;32,28028;1,221545;32,28028;Large button (3);0;32,28028;1,221545;32,28028;-13,84146;2,961609;-3,895716
Out Of The Box;1;0,8768247;Red Large button;0;-5,679999;1,221545;-5,679999;Blue Large button;0;-5,419999;1,221545;-5,419999;Large button (1);0;32,37913;1,221545;32,37913;Large button (2);0;32,28028;1,221545;32,28028;Large button (3);0;32,28028;1,221545;32,28028;-13,84146;2,961607;-3,895714
Out Of The Box;1;0,8883477;Red Large button;0;-5,679999;1,221545;-5,679999;Blue Large button;0;-5,419999;1,221545;-5,419999;Large button (1);0;32,37913;1,221545;32,37913;Large button (2);0;32,28028;1,221545;32,28028;Large button (3);0;32,28028;1,221545;32,28028;-13,84146;2,96161;-3,895714
Out Of The Box;1;0,899448;Red Large button;0;-5,679999;1,221545;-5,679999;Blue Large button;0;-5,419999;1,221545;-5,419999;Large button (1);0;32,37913;1,221545;32,37913;Large button (2);0;32,28028;1,221545;32,28028;Large button (3);0;32,28028;1,221545;32,28028;-13,84146;2,96161;-3,895714
Out Of The Box;1;0,9099297;Red Large button;0;-5,679999;1,221545;-5,679999;Blue Large button;0;-5,419999;1,221545;-5,419999;Large button (1);0;32,37913;1,221545;32,37913;Large button (2);0;32,28028;1,221545;32,28028;Large button (3);0;32,28028;1,221545;32,28028;-13,84146;2,961607;-3,895713
Out Of The Box;1;0,9212563;Red Large button;0;-5,679999;1,221545;-5,679999;Blue Large button;0;-5,419999;1,221545;-5,419999;Large button (1);0;32,37913;1,221545;32,37913;Large button (2);0;32,28028;1,221545;32,28028;Large button (3);0;32,28028;1,221545;32,28028;-13,84146;2,961607;-3,895713
Out Of The Box;1;0,9322503;Red Large button;0;-5,679999;1,221545;-5,679999;Blue Large button;0;-5,419999;1,221545;-5,419999;Large button (1);0;32,37913;1,221545;32,37913;Large button (2);0;32,28028;1,221545;32,28028;Large button (3);0;32,28028;1,221545;32,28028;-13,84146;2,961601;-3,895713
Out Of The Box;1;0,9431055;Red Large button;0;-5,679999;1,221545;-5,679999;Blue Large button;0;-5,419999;1,221545;-5,419999;Large button (1);0;32,37913;1,221545;32,37913;Large button (2);0;32,28028;1,221545;32,28028;Large button (3);0;32,28028;1,221545;32,28028;-13,84146;2,961601;-3,895713
Out Of The Box;1;0,953825;Red Large button;0;-5,679999;1,221545;-5,679999;Blue Large button;0;-5,419999;1,221545;-5,419999;Large button (1);0;32,37913;1,221545;32,37913;Large button (2);0;32,28028;1,221545;32,28028;Large button (3);0;32,28028;1,221545;32,28028;-13,84146;2,961604;-3,895712
Out Of The Box;1;0,9640751;Red Large button;0;-5,679999;1,221545;-5,679999;Blue Large button;0;-5,419999;1,221545;-5,419999;Large button (1);0;32,37913;1,221545;32,37913;Large button (2);0;32,28028;1,221545;32,28028;Large button (3);0;32,28028;1,221545;32,28028;-13,84146;2,961604;-3,895712
Out Of The Box;1;0,9746601;Red Large button;0;-5,679999;1,221545;-5,679999;Blue Large button;0;-5,419999;1,221545;-5,419999;Large button (1);0;32,37913;1,221545;32,37913;Large button (2);0;32,28028;1,221545;32,28028;Large button (3);0;32,28028;1,221545;32,28028;-13,84146;2,961606;-3,895712
Out Of The Box;1;0,9847052;Red Large button;0;-5,679999;1,221545;-5,679999;Blue Large button;0;-5,419999;1,221545;-5,419999;Large button (1);0;32,37913;1,221545;32,37913;Large button (2);0;32,28028;1,221545;32,28028;Large button (3);0;32,28028;1,221545;32,28028;-13,84146;2,961606;-3,895712
Out Of The Box;1;0,9957067;Red Large button;0;-5,679999;1,221545;-5,679999;Blue Large button;0;-5,419999;1,221545;-5,419999;Large button (1);0;32,37913;1,221545;32,37913;Large button (2);0;32,28028;1,221545;32,28028;Large button (3);0;32,28028;1,221545;32,28028;-13,84146;2,961606;-3,895711
Out Of The Box;1;1,005944;Red Large button;0;-5,679999;1,221545;-5,679999;Blue Large button;0;-5,419999;1,221545;-5,419999;Large button (1);0;32,37913;1,221545;32,37913;Large button (2);0;32,28028;1,221545;32,28028;Large button (3);0;32,28028;1,221545;32,28028;-13,84146;2,961606;-3,895711
Out Of The Box;1;1,016176;Red Large button;0;-5,679999;1,221545;-5,679999;Blue Large button;0;-5,419999;1,221545;-5,419999;Large button (1);0;32,37913;1,221545;32,37913;Large button (2);0;32,28028;1,221545;32,28028;Large button (3);0;32,28028;1,221545;32,28028;-13,84146;2,961613;-3,895712
Out Of The Box;1;1,026356;Red Large button;0;-5,679999;1,221545;-5,679999;Blue Large button;0;-5,419999;1,221545;-5,419999;Large button (1);0;32,37913;1,221545;32,37913;Large button (2);0;32,28028;1,221545;32,28028;Large button (3);0;32,28028;1,221545;32,28028;-13,84146;2,961613;-3,895712
Out Of The Box;1;1,036469;Red Large button;0;-5,679999;1,221545;-5,679999;Blue Large button;0;-5,419999;1,221545;-5,419999;Large button (1);0;32,37913;1,221545;32,37913;Large button (2);0;32,28028;1,221545;32,28028;Large button (3);0;32,28028;1,221545;32,28028;-13,84146;2,961611;-3,895712
Out Of The Box;1;1,046263;Red Large button;0;-5,679999;1,221545;-5,679999;Blue Large button;0;-5,419999;1,221545;-5,419999;Large button (1);0;32,37913;1,221545;32,37913;Large button (2);0;32,28028;1,221545;32,28028;Large button (3);0;32,28028;1,221545;32,28028;-13,84146;2,961611;-3,895712
Out Of The Box;1;1,056498;Red Large button;0;-5,679999;1,221545;-5,679999;Blue Large button;0;-5,419999;1,221545;-5,419999;Large button (1);0;32,37913;1,221545;32,37913;Large button (2);0;32,28028;1,221545;32,28028;Large button (3);0;32,28028;1,221545;32,28028;-13,84146;2,961603;-3,895711
Out Of The Box;1;1,066888;Red Large button;0;-5,679999;1,221545;-5,679999;Blue Large button;0;-5,419999;1,221545;-5,419999;Large button (1);0;32,37913;1,221545;32,37913;Large button (2);0;32,28028;1,221545;32,28028;Large button (3);0;32,28028;1,221545;32,28028;-13,84146;2,961603;-3,895711
Out Of The Box;1;1,076391;Red Large button;0;-5,679999;1,221545;-5,679999;Blue Large button;0;-5,419999;1,221545;-5,419999;Large button (1);0;32,37913;1,221545;32,37913;Large button (2);0;32,28028;1,221545;32,28028;Large button (3);0;32,28028;1,221545;32,28028;-13,84146;2,961612;-3,895711
Out Of The Box;1;1,086782;Red Large button;0;-5,679999;1,221545;-5,679999;Blue Large button;0;-5,419999;1,221545;-5,419999;Large button (1);0;32,37913;1,221545;32,37913;Large button (2);0;32,28028;1,221545;32,28028;Large button (3);0;32,28028;1,221545;32,28028;-13,84146;2,961612;-3,895711
Out Of The Box;1;1,097185;Red Large button;0;-5,679999;1,221545;-5,679999;Blue Large button;0;-5,419999;1,221545;-5,419999;Large button (1);0;32,37913;1,221545;32,37913;Large button (2);0;32,28028;1,221545;32,28028;Large button (3);0;32,28028;1,221545;32,28028;-13,84146;2,961616;-3,895712
Out Of The Box;1;1,107786;Red Large button;0;-5,679999;1,221545;-5,679999;Blue Large button;0;-5,419999;1,221545;-5,419999;Large button (1);0;32,37913;1,221545;32,37913;Large button (2);0;32,28028;1,221545;32,28028;Large button (3);0;32,28028;1,221545;32,28028;-13,84146;2,961607;-3,895711
Out Of The Box;1;1,118362;Red Large button;0;-5,679999;1,221545;-5,679999;Blue Large button;0;-5,419999;1,221545;-5,419999;Large button (1);0;32,37913;1,221545;32,37913;Large button (2);0;32,28028;1,221545;32,28028;Large button (3);0;32,28028;1,221545;32,28028;-13,84146;2,961607;-3,895711
Out Of The Box;1;1,128546;Red Large button;0;-5,679999;1,221545;-5,679999;Blue Large button;0;-5,419999;1,221545;-5,419999;Large button (1);0;32,37913;1,221545;32,37913;Large button (2);0;32,28028;1,221545;32,28028;Large button (3);0;32,28028;1,221545;32,28028;-13,84146;2,961604;-3,895712
Out Of The Box;1;1,141437;Red Large button;0;-5,679999;1,221545;-5,679999;Blue Large button;0;-5,419999;1,221545;-5,419999;Large button (1);0;32,37913;1,221545;32,37913;Large button (2);0;32,28028;1,221545;32,28028;Large button (3);0;32,28028;1,221545;32,28028;-13,84146;2,961604;-3,895712
Out Of The Box;1;1,152186;Red Large button;0;-5,679999;1,221545;-5,679999;Blue Large button;0;-5,419999;1,221545;-5,419999;Large button (1);0;32,37913;1,221545;32,37913;Large button (2);0;32,28028;1,221545;32,28028;Large button (3);0;32,28028;1,221545;32,28028;-13,84146;2,961608;-3,895711
Out Of The Box;1;1,162946;Red Large button;0;-5,679999;1,221545;-5,679999;Blue Large button;0;-5,419999;1,221545;-5,419999;Large button (1);0;32,37913;1,221545;32,37913;Large button (2);0;32,28028;1,221545;32,28028;Large button (3);0;32,28028;1,221545;32,28028;-13,84146;2,961608;-3,895711
Out Of The Box;1;1,173643;Red Large button;0;-5,679999;1,221545;-5,679999;Blue Large button;0;-5,419999;1,221545;-5,419999;Large button (1);0;32,37913;1,221545;32,37913;Large button (2);0;32,28028;1,221545;32,28028;Large button (3);0;32,28028;1,221545;32,28028;-13,84146;2,961604;-3,895711
Out Of The Box;1;1,184569;Red Large button;0;-5,679999;1,221545;-5,679999;Blue Large button;0;-5,419999;1,221545;-5,419999;Large button (1);0;32,37913;1,221545;32,37913;Large button (2);0;32,28028;1,221545;32,28028;Large button (3);0;32,28028;1,221545;32,28028;-13,84146;2,961604;-3,895711
Out Of The Box;1;1,195497;Red Large button;0;-5,679999;1,221545;-5,679999;Blue Large button;0;-5,419999;1,221545;-5,419999;Large button (1);0;32,37913;1,221545;32,37913;Large button (2);0;32,28028;1,221545;32,28028;Large button (3);0;32,28028;1,221545;32,28028;-13,84146;2,961612;-3,895711
Out Of The Box;1;1,206125;Red Large button;0;-5,679999;1,221545;-5,679999;Blue Large button;0;-5,419999;1,221545;-5,419999;Large button (1);0;32,37913;1,221545;32,37913;Large button (2);0;32,28028;1,221545;32,28028;Large button (3);0;32,28028;1,221545;32,28028;-13,84146;2,961612;-3,895711
Out Of The Box;1;1,216158;Red Large button;0;-5,679999;1,221545;-5,679999;Blue Large button;0;-5,419999;1,221545;-5,419999;Large button (1);0;32,37913;1,221545;32,37913;Large button (2);0;32,28028;1,221545;32,28028;Large button (3);0;32,28028;1,221545;32,28028;-13,84147;2,961612;-3,895711
Out Of The Box;1;1,226563;Red Large button;0;-5,679999;1,221545;-5,679999;Blue Large button;0;-5,419999;1,221545;-5,419999;Large button (1);0;32,37913;1,221545;32,37913;Large button (2);0;32,28028;1,221545;32,28028;Large button (3);0;32,28028;1,221545;32,28028;-13,84147;2,961612;-3,895711
Out Of The Box;1;1,236459;Red Large button;0;-5,679999;1,221545;-5,679999;Blue Large button;0;-5,419999;1,221545;-5,419999;Large button (1);0;32,37913;1,221545;32,37913;Large button (2);0;32,28028;1,221545;32,28028;Large button (3);0;32,28028;1,221545;32,28028;-13,84147;2,961607;-3,89571
Out Of The Box;1;1,24653;Red Large button;0;-5,679999;1,221545;-5,679999;Blue Large button;0;-5,419999;1,221545;-5,419999;Large button (1);0;32,37913;1,221545;32,37913;Large button (2);0;32,28028;1,221545;32,28028;Large button (3);0;32,28028;1,221545;32,28028;-13,84147;2,961607;-3,89571
Out Of The Box;1;1,256445;Red Large button;0;-5,679999;1,221545;-5,679999;Blue Large button;0;-5,419999;1,221545;-5,419999;Large button (1);0;32,37913;1,221545;32,37913;Large button (2);0;32,28028;1,221545;32,28028;Large button (3);0;32,28028;1,221545;32,28028;-13,84147;2,961601;-3,89571
Out Of The Box;1;1,266672;Red Large button;0;-5,679999;1,221545;-5,679999;Blue Large button;0;-5,419999;1,221545;-5,419999;Large button (1);0;32,37913;1,221545;32,37913;Large button (2);0;32,28028;1,221545;32,28028;Large button (3);0;32,28028;1,221545;32,28028;-13,84147;2,961601;-3,89571
Out Of The Box;1;1,276413;Red Large button;0;-5,679999;1,221545;-5,679999;Blue Large button;0;-5,419999;1,221545;-5,419999;Large button (1);0;32,37913;1,221545;32,37913;Large button (2);0;32,28028;1,221545;32,28028;Large button (3);0;32,28028;1,221545;32,28028;-13,84147;2,961609;-3,895711
Out Of The Box;1;1,286583;Red Large button;0;-5,679999;1,221545;-5,679999;Blue Large button;0;-5,419999;1,221545;-5,419999;Large button (1);0;32,37913;1,221545;32,37913;Large button (2);0;32,28028;1,221545;32,28028;Large button (3);0;32,28028;1,221545;32,28028;-13,84147;2,961609;-3,895711
Out Of The Box;1;1,296106;Red Large button;0;-5,679999;1,221545;-5,679999;Blue Large button;0;-5,419999;1,221545;-5,419999;Large button (1);0;32,37913;1,221545;32,37913;Large button (2);0;32,28028;1,221545;32,28028;Large button (3);0;32,28028;1,221545;32,28028;-13,84147;2,96161;-3,895712
Out Of The Box;1;1,30671;Red Large button;0;-5,679999;1,221545;-5,679999;Blue Large button;0;-5,419999;1,221545;-5,419999;Large button (1);0;32,37913;1,221545;32,37913;Large button (2);0;32,28028;1,221545;32,28028;Large button (3);0;32,28028;1,221545;32,28028;-13,84147;2,96161;-3,895712
Out Of The Box;1;1,317041;Red Large button;0;-5,679999;1,221545;-5,679999;Blue Large button;0;-5,419999;1,221545;-5,419999;Large button (1);0;32,37913;1,221545;32,37913;Large button (2);0;32,28028;1,221545;32,28028;Large button (3);0;32,28028;1,221545;32,28028;-13,84147;2,96161;-3,895711
Out Of The Box;1;1,32697;Red Large button;0;-5,679999;1,221545;-5,679999;Blue Large button;0;-5,419999;1,221545;-5,419999;Large button (1);0;32,37913;1,221545;32,37913;Large button (2);0;32,28028;1,221545;32,28028;Large button (3);0;32,28028;1,221545;32,28028;-13,84147;2,96161;-3,895711
Out Of The Box;1;1,337098;Red Large button;0;-5,679999;1,221545;-5,679999;Blue Large button;0;-5,419999;1,221545;-5,419999;Large button (1);0;32,37913;1,221545;32,37913;Large button (2);0;32,28028;1,221545;32,28028;Large button (3);0;32,28028;1,221545;32,28028;-13,84147;2,961611;-3,895711
Out Of The Box;1;1,346899;Red Large button;0;-5,679999;1,221545;-5,679999;Blue Large button;0;-5,419999;1,221545;-5,419999;Large button (1);0;32,37913;1,221545;32,37913;Large button (2);0;32,28028;1,221545;32,28028;Large button (3);0;32,28028;1,221545;32,28028;-13,84147;2,961611;-3,895711
Out Of The Box;1;1,357252;Red Large button;0;-5,679999;1,221545;-5,679999;Blue Large button;0;-5,419999;1,221545;-5,419999;Large button (1);0;32,37913;1,221545;32,37913;Large button (2);0;32,28028;1,221545;32,28028;Large button (3);0;32,28028;1,221545;32,28028;-13,84147;2,961612;-3,895711
Out Of The Box;1;1,367865;Red Large button;0;-5,679999;1,221545;-5,679999;Blue Large button;0;-5,419999;1,221545;-5,419999;Large button (1);0;32,37913;1,221545;32,37913;Large button (2);0;32,28028;1,221545;32,28028;Large button (3);0;32,28028;1,221545;32,28028;-13,84147;2,961611;-3,89571
Out Of The Box;1;1,377937;Red Large button;0;-5,679999;1,221545;-5,679999;Blue Large button;0;-5,419999;1,221545;-5,419999;Large button (1);0;32,37913;1,221545;32,37913;Large button (2);0;32,28028;1,221545;32,28028;Large button (3);0;32,28028;1,221545;32,28028;-13,84147;2,961611;-3,89571
Out Of The Box;1;1,388152;Red Large button;0;-5,679999;1,221545;-5,679999;Blue Large button;0;-5,419999;1,221545;-5,419999;Large button (1);0;32,37913;1,221545;32,37913;Large button (2);0;32,28028;1,221545;32,28028;Large button (3);0;32,28028;1,221545;32,28028;-13,84147;2,961615;-3,895711
Out Of The Box;1;1,398888;Red Large button;0;-5,679999;1,221545;-5,679999;Blue Large button;0;-5,419999;1,221545;-5,419999;Large button (1);0;32,37913;1,221545;32,37913;Large button (2);0;32,28028;1,221545;32,28028;Large button (3);0;32,28028;1,221545;32,28028;-13,84147;2,961615;-3,895711
Out Of The Box;1;1,408634;Red Large button;0;-5,679999;1,221545;-5,679999;Blue Large button;0;-5,419999;1,221545;-5,419999;Large button (1);0;32,37913;1,221545;32,37913;Large button (2);0;32,28028;1,221545;32,28028;Large button (3);0;32,28028;1,221545;32,28028;-13,84147;2,961606;-3,895709
Out Of The Box;1;1,419585;Red Large button;0;-5,679999;1,221545;-5,679999;Blue Large button;0;-5,419999;1,221545;-5,419999;Large button (1);0;32,37913;1,221545;32,37913;Large button (2);0;32,28028;1,221545;32,28028;Large button (3);0;32,28028;1,221545;32,28028;-13,84147;2,961606;-3,895709
Out Of The Box;1;1,430129;Red Large button;0;-5,679999;1,221545;-5,679999;Blue Large button;0;-5,419999;1,221545;-5,419999;Large button (1);0;32,37913;1,221545;32,37913;Large button (2);0;32,28028;1,221545;32,28028;Large button (3);0;32,28028;1,221545;32,28028;-13,84147;2,961606;-3,89571
Out Of The Box;1;1,440405;Red Large button;0;-5,679999;1,221545;-5,679999;Blue Large button;0;-5,419999;1,221545;-5,419999;Large button (1);0;32,37913;1,221545;32,37913;Large button (2);0;32,28028;1,221545;32,28028;Large button (3);0;32,28028;1,221545;32,28028;-13,84147;2,961606;-3,89571
Out Of The Box;1;1,450851;Red Large button;0;-5,679999;1,221545;-5,679999;Blue Large button;0;-5,419999;1,221545;-5,419999;Large button (1);0;32,37913;1,221545;32,37913;Large button (2);0;32,28028;1,221545;32,28028;Large button (3);0;32,28028;1,221545;32,28028;-13,84147;2,961606;-3,89571
Out Of The Box;1;1,460996;Red Large button;0;-5,679999;1,221545;-5,679999;Blue Large button;0;-5,419999;1,221545;-5,419999;Large button (1);0;32,37913;1,221545;32,37913;Large button (2);0;32,28028;1,221545;32,28028;Large button (3);0;32,28028;1,221545;32,28028;-13,84147;2,961606;-3,89571
Out Of The Box;1;1,471376;Red Large button;0;-5,679999;1,221545;-5,679999;Blue Large button;0;-5,419999;1,221545;-5,419999;Large button (1);0;32,37913;1,221545;32,37913;Large button (2);0;32,28028;1,221545;32,28028;Large button (3);0;32,28028;1,221545;32,28028;-13,84147;2,961604;-3,89571
Out Of The Box;1;1,48205;Red Large button;0;-5,679999;1,221545;-5,679999;Blue Large button;0;-5,419999;1,221545;-5,419999;Large button (1);0;32,37913;1,221545;32,37913;Large button (2);0;32,28028;1,221545;32,28028;Large button (3);0;32,28028;1,221545;32,28028;-13,84147;2,961604;-3,89571
Out Of The Box;1;1,491796;Red Large button;0;-5,679999;1,221545;-5,679999;Blue Large button;0;-5,419999;1,221545;-5,419999;Large button (1);0;32,37913;1,221545;32,37913;Large button (2);0;32,28028;1,221545;32,28028;Large button (3);0;32,28028;1,221545;32,28028;-13,84147;2,961604;-3,89571
Out Of The Box;1;1,502498;Red Large button;0;-5,679999;1,221545;-5,679999;Blue Large button;0;-5,419999;1,221545;-5,419999;Large button (1);0;32,37913;1,221545;32,37913;Large button (2);0;32,28028;1,221545;32,28028;Large button (3);0;32,28028;1,221545;32,28028;-13,84147;2,961604;-3,89571
Out Of The Box;1;1,512366;Red Large button;0;-5,679999;1,221545;-5,679999;Blue Large button;0;-5,419999;1,221545;-5,419999;Large button (1);0;32,37913;1,221545;32,37913;Large button (2);0;32,28028;1,221545;32,28028;Large button (3);0;32,28028;1,221545;32,28028;-13,84147;2,961614;-3,89571
Out Of The Box;1;1,523052;Red Large button;0;-5,679999;1,221545;-5,679999;Blue Large button;0;-5,419999;1,221545;-5,419999;Large button (1);0;32,37913;1,221545;32,37913;Large button (2);0;32,28028;1,221545;32,28028;Large button (3);0;32,28028;1,221545;32,28028;-13,84147;2,961614;-3,89571
Out Of The Box;1;1,533105;Red Large button;0;-5,679999;1,221545;-5,679999;Blue Large button;0;-5,419999;1,221545;-5,419999;Large button (1);0;32,37913;1,221545;32,37913;Large button (2);0;32,28028;1,221545;32,28028;Large button (3);0;32,28028;1,221545;32,28028;-13,84147;2,961609;-3,89571
Out Of The Box;1;1,543344;Red Large button;0;-5,679999;1,221545;-5,679999;Blue Large button;0;-5,419999;1,221545;-5,419999;Large button (1);0;32,37913;1,221545;32,37913;Large button (2);0;32,28028;1,221545;32,28028;Large button (3);0;32,28028;1,221545;32,28028;-13,84147;2,961609;-3,89571
Out Of The Box;1;1,554068;Red Large button;0;-5,679999;1,221545;-5,679999;Blue Large button;0;-5,419999;1,221545;-5,419999;Large button (1);0;32,37913;1,221545;32,37913;Large button (2);0;32,28028;1,221545;32,28028;Large button (3);0;32,28028;1,221545;32,28028;-13,84147;2,961605;-3,895709
Out Of The Box;1;1,564626;Red Large button;0;-5,679999;1,221545;-5,679999;Blue Large button;0;-5,419999;1,221545;-5,419999;Large button (1);0;32,37913;1,221545;32,37913;Large button (2);0;32,28028;1,221545;32,28028;Large button (3);0;32,28028;1,221545;32,28028;-13,84147;2,961605;-3,895709
Out Of The Box;1;1,574624;Red Large button;0;-5,679999;1,221545;-5,679999;Blue Large button;0;-5,419999;1,221545;-5,419999;Large button (1);0;32,37913;1,221545;32,37913;Large button (2);0;32,28028;1,221545;32,28028;Large button (3);0;32,28028;1,221545;32,28028;-13,84147;2,961611;-3,89571
Out Of The Box;1;1,585261;Red Large button;0;-5,679999;1,221545;-5,679999;Blue Large button;0;-5,419999;1,221545;-5,419999;Large button (1);0;32,37913;1,221545;32,37913;Large button (2);0;32,28028;1,221545;32,28028;Large button (3);0;32,28028;1,221545;32,28028;-13,84147;2,961611;-3,89571
Out Of The Box;1;1,595659;Red Large button;0;-5,679999;1,221545;-5,679999;Blue Large button;0;-5,419999;1,221545;-5,419999;Large button (1);0;32,37913;1,221545;32,37913;Large button (2);0;32,28028;1,221545;32,28028;Large button (3);0;32,28028;1,221545;32,28028;-13,84147;2,961609;-3,89571
Out Of The Box;1;1,606262;Red Large button;0;-5,679999;1,221545;-5,679999;Blue Large button;0;-5,419999;1,221545;-5,419999;Large button (1);0;32,37913;1,221545;32,37913;Large button (2);0;32,28028;1,221545;32,28028;Large button (3);0;32,28028;1,221545;32,28028;-13,84147;2,961609;-3,89571
Out Of The Box;1;1,616997;Red Large button;0;-5,679999;1,221545;-5,679999;Blue Large button;0;-5,419999;1,221545;-5,419999;Large button (1);0;32,37913;1,221545;32,37913;Large button (2);0;32,28028;1,221545;32,28028;Large button (3);0;32,28028;1,221545;32,28028;-13,84147;2,961616;-3,89571
Out Of The Box;1;1,627126;Red Large button;0;-5,679999;1,221545;-5,679999;Blue Large button;0;-5,419999;1,221545;-5,419999;Large button (1);0;32,37913;1,221545;32,37913;Large button (2);0;32,28028;1,221545;32,28028;Large button (3);0;32,28028;1,221545;32,28028;-13,84147;2,961616;-3,89571
Out Of The Box;1;1,637261;Red Large button;0;-5,679999;1,221545;-5,679999;Blue Large button;0;-5,419999;1,221545;-5,419999;Large button (1);0;32,37913;1,221545;32,37913;Large button (2);0;32,28028;1,221545;32,28028;Large button (3);0;32,28028;1,221545;32,28028;-13,84147;2,961616;-3,89571
Out Of The Box;1;1,647753;Red Large button;0;-5,679999;1,221545;-5,679999;Blue Large button;0;-5,419999;1,221545;-5,419999;Large button (1);0;32,37913;1,221545;32,37913;Large button (2);0;32,28028;1,221545;32,28028;Large button (3);0;32,28028;1,221545;32,28028;-13,84147;2,961611;-3,895709
Out Of The Box;1;1,657938;Red Large button;0;-5,679999;1,221545;-5,679999;Blue Large button;0;-5,419999;1,221545;-5,419999;Large button (1);0;32,37913;1,221545;32,37913;Large button (2);0;32,28028;1,221545;32,28028;Large button (3);0;32,28028;1,221545;32,28028;-13,84147;2,961611;-3,895709
Out Of The Box;1;1,66814;Red Large button;0;-5,679999;1,221545;-5,679999;Blue Large button;0;-5,419999;1,221545;-5,419999;Large button (1);0;32,37913;1,221545;32,37913;Large button (2);0;32,28028;1,221545;32,28028;Large button (3);0;32,28028;1,221545;32,28028;-13,84147;2,96161;-3,895709
Out Of The Box;1;1,678255;Red Large button;0;-5,679999;1,221545;-5,679999;Blue Large button;0;-5,419999;1,221545;-5,419999;Large button (1);0;32,37913;1,221545;32,37913;Large button (2);0;32,28028;1,221545;32,28028;Large button (3);0;32,28028;1,221545;32,28028;-13,84147;2,96161;-3,895709
Out Of The Box;1;1,688667;Red Large button;0;-5,679999;1,221545;-5,679999;Blue Large button;0;-5,419999;1,221545;-5,419999;Large button (1);0;32,37913;1,221545;32,37913;Large button (2);0;32,28028;1,221545;32,28028;Large button (3);0;32,28028;1,221545;32,28028;-13,84147;2,961601;-3,895709
Out Of The Box;1;1,699174;Red Large button;0;-5,679999;1,221545;-5,679999;Blue Large button;0;-5,419999;1,221545;-5,419999;Large button (1);0;32,37913;1,221545;32,37913;Large button (2);0;32,28028;1,221545;32,28028;Large button (3);0;32,28028;1,221545;32,28028;-13,84147;2,961601;-3,895709
Out Of The Box;1;1,709464;Red Large button;0;-5,679999;1,221545;-5,679999;Blue Large button;0;-5,419999;1,221545;-5,419999;Large button (1);0;32,37913;1,221545;32,37913;Large button (2);0;32,28028;1,221545;32,28028;Large button (3);0;32,28028;1,221545;32,28028;-13,84147;2,961609;-3,895709
Out Of The Box;1;1,72082;Red Large button;0;-5,679999;1,221545;-5,679999;Blue Large button;0;-5,419999;1,221545;-5,419999;Large button (1);0;32,37913;1,221545;32,37913;Large button (2);0;32,28028;1,221545;32,28028;Large button (3);0;32,28028;1,221545;32,28028;-13,84147;2,961609;-3,895709
Out Of The Box;1;1,731609;Red Large button;0;-5,679999;1,221545;-5,679999;Blue Large button;0;-5,419999;1,221545;-5,419999;Large button (1);0;32,37913;1,221545;32,37913;Large button (2);0;32,28028;1,221545;32,28028;Large button (3);0;32,28028;1,221545;32,28028;-13,84148;2,961614;-3,89571
Out Of The Box;1;1,742586;Red Large button;0;-5,679999;1,221545;-5,679999;Blue Large button;0;-5,419999;1,221545;-5,419999;Large button (1);0;32,37913;1,221545;32,37913;Large button (2);0;32,28028;1,221545;32,28028;Large button (3);0;32,28028;1,221545;32,28028;-13,84148;2,961614;-3,89571
Out Of The Box;1;1,752769;Red Large button;0;-5,679999;1,221545;-5,679999;Blue Large button;0;-5,419999;1,221545;-5,419999;Large button (1);0;32,37913;1,221545;32,37913;Large button (2);0;32,28028;1,221545;32,28028;Large button (3);0;32,28028;1,221545;32,28028;-13,84148;2,961612;-3,895709
Out Of The Box;1;1,763089;Red Large button;0;-5,679999;1,221545;-5,679999;Blue Large button;0;-5,419999;1,221545;-5,419999;Large button (1);0;32,37913;1,221545;32,37913;Large button (2);0;32,28028;1,221545;32,28028;Large button (3);0;32,28028;1,221545;32,28028;-13,84148;2,961612;-3,895709
Out Of The Box;1;1,773959;Red Large button;0;-5,679999;1,221545;-5,679999;Blue Large button;0;-5,419999;1,221545;-5,419999;Large button (1);0;32,37913;1,221545;32,37913;Large button (2);0;32,28028;1,221545;32,28028;Large button (3);0;32,28028;1,221545;32,28028;-13,84147;2,961614;-3,89571
Out Of The Box;1;1,784421;Red Large button;0;-5,679999;1,221545;-5,679999;Blue Large button;0;-5,419999;1,221545;-5,419999;Large button (1);0;32,37913;1,221545;32,37913;Large button (2);0;32,28028;1,221545;32,28028;Large button (3);0;32,28028;1,221545;32,28028;-13,84147;2,961614;-3,89571
Out Of The Box;1;1,797042;Red Large button;0;-5,679999;1,221545;-5,679999;Blue Large button;0;-5,419999;1,221545;-5,419999;Large button (1);0;32,37913;1,221545;32,37913;Large button (2);0;32,28028;1,221545;32,28028;Large button (3);0;32,28028;1,221545;32,28028;-13,84147;2,961612;-3,89571
Out Of The Box;1;1,807343;Red Large button;0;-5,679999;1,221545;-5,679999;Blue Large button;0;-5,419999;1,221545;-5,419999;Large button (1);0;32,37913;1,221545;32,37913;Large button (2);0;32,28028;1,221545;32,28028;Large button (3);0;32,28028;1,221545;32,28028;-13,84147;2,961611;-3,89571
Out Of The Box;1;1,817788;Red Large button;0;-5,679999;1,221545;-5,679999;Blue Large button;0;-5,419999;1,221545;-5,419999;Large button (1);0;32,37913;1,221545;32,37913;Large button (2);0;32,28028;1,221545;32,28028;Large button (3);0;32,28028;1,221545;32,28028;-13,84147;2,961611;-3,89571
Out Of The Box;1;1,827788;Red Large button;0;-5,679999;1,221545;-5,679999;Blue Large button;0;-5,419999;1,221545;-5,419999;Large button (1);0;32,37913;1,221545;32,37913;Large button (2);0;32,28028;1,221545;32,28028;Large button (3);0;32,28028;1,221545;32,28028;-13,84147;2,961605;-3,89571
Out Of The Box;1;1,838558;Red Large button;0;-5,679999;1,221545;-5,679999;Blue Large button;0;-5,419999;1,221545;-5,419999;Large button (1);0;32,37913;1,221545;32,37913;Large button (2);0;32,28028;1,221545;32,28028;Large button (3);0;32,28028;1,221545;32,28028;-13,84147;2,961605;-3,89571
Out Of The Box;1;1,848812;Red Large button;0;-5,679999;1,221545;-5,679999;Blue Large button;0;-5,419999;1,221545;-5,419999;Large button (1);0;32,37913;1,221545;32,37913;Large button (2);0;32,28028;1,221545;32,28028;Large button (3);0;32,28028;1,221545;32,28028;-13,84148;2,961604;-3,895711
Out Of The Box;1;1,858864;Red Large button;0;-5,679999;1,221545;-5,679999;Blue Large button;0;-5,419999;1,221545;-5,419999;Large button (1);0;32,37913;1,221545;32,37913;Large button (2);0;32,28028;1,221545;32,28028;Large button (3);0;32,28028;1,221545;32,28028;-13,84148;2,961604;-3,895711
Out Of The Box;1;1,869273;Red Large button;0;-5,679999;1,221545;-5,679999;Blue Large button;0;-5,419999;1,221545;-5,419999;Large button (1);0;32,37913;1,221545;32,37913;Large button (2);0;32,28028;1,221545;32,28028;Large button (3);0;32,28028;1,221545;32,28028;-13,84148;2,961601;-3,89571
Out Of The Box;1;1,880007;Red Large button;0;-5,679999;1,221545;-5,679999;Blue Large button;0;-5,419999;1,221545;-5,419999;Large button (1);0;32,37913;1,221545;32,37913;Large button (2);0;32,28028;1,221545;32,28028;Large button (3);0;32,28028;1,221545;32,28028;-13,84148;2,961601;-3,89571
Out Of The Box;1;1,890842;Red Large button;0;-5,679999;1,221545;-5,679999;Blue Large button;0;-5,419999;1,221545;-5,419999;Large button (1);0;32,37913;1,221545;32,37913;Large button (2);0;32,28028;1,221545;32,28028;Large button (3);0;32,28028;1,221545;32,28028;-13,84148;2,961603;-3,89571
Out Of The Box;1;1,902071;Red Large button;0;-5,679999;1,221545;-5,679999;Blue Large button;0;-5,419999;1,221545;-5,419999;Large button (1);0;32,37913;1,221545;32,37913;Large button (2);0;32,28028;1,221545;32,28028;Large button (3);0;32,28028;1,221545;32,28028;-13,84148;2,961603;-3,89571
Out Of The Box;1;1,911932;Red Large button;0;-5,679999;1,221545;-5,679999;Blue Large button;0;-5,419999;1,221545;-5,419999;Large button (1);0;32,37913;1,221545;32,37913;Large button (2);0;32,28028;1,221545;32,28028;Large button (3);0;32,28028;1,221545;32,28028;-13,84148;2,961608;-3,895711
Out Of The Box;1;1,922479;Red Large button;0;-5,679999;1,221545;-5,679999;Blue Large button;0;-5,419999;1,221545;-5,419999;Large button (1);0;32,37913;1,221545;32,37913;Large button (2);0;32,28028;1,221545;32,28028;Large button (3);0;32,28028;1,221545;32,28028;-13,84148;2,961608;-3,895711
Out Of The Box;1;1,932632;Red Large button;0;-5,679999;1,221545;-5,679999;Blue Large button;0;-5,419999;1,221545;-5,419999;Large button (1);0;32,37913;1,221545;32,37913;Large button (2);0;32,28028;1,221545;32,28028;Large button (3);0;32,28028;1,221545;32,28028;-13,84148;2,961605;-3,895711
Out Of The Box;1;1,942904;Red Large button;0;-5,679999;1,221545;-5,679999;Blue Large button;0;-5,419999;1,221545;-5,419999;Large button (1);0;32,37913;1,221545;32,37913;Large button (2);0;32,28028;1,221545;32,28028;Large button (3);0;32,28028;1,221545;32,28028;-13,84148;2,961605;-3,895711
Out Of The Box;1;1,953506;Red Large button;0;-5,679999;1,221545;-5,679999;Blue Large button;0;-5,419999;1,221545;-5,419999;Large button (1);0;32,37913;1,221545;32,37913;Large button (2);0;32,28028;1,221545;32,28028;Large button (3);0;32,28028;1,221545;32,28028;-13,84148;2,961601;-3,89571
Out Of The Box;1;1,963813;Red Large button;0;-5,679999;1,221545;-5,679999;Blue Large button;0;-5,419999;1,221545;-5,419999;Large button (1);0;32,37913;1,221545;32,37913;Large button (2);0;32,28028;1,221545;32,28028;Large button (3);0;32,28028;1,221545;32,28028;-13,84148;2,961601;-3,89571
Out Of The Box;1;1,974036;Red Large button;0;-5,679999;1,221545;-5,679999;Blue Large button;0;-5,419999;1,221545;-5,419999;Large button (1);0;32,37913;1,221545;32,37913;Large button (2);0;32,28028;1,221545;32,28028;Large button (3);0;32,28028;1,221545;32,28028;-13,84148;2,961607;-3,895711
Out Of The Box;1;1,984275;Red Large button;0;-5,679999;1,221545;-5,679999;Blue Large button;0;-5,419999;1,221545;-5,419999;Large button (1);0;32,37913;1,221545;32,37913;Large button (2);0;32,28028;1,221545;32,28028;Large button (3);0;32,28028;1,221545;32,28028;-13,84148;2,961607;-3,895711
Out Of The Box;1;1,994421;Red Large button;0;-5,679999;1,221545;-5,679999;Blue Large button;0;-5,419999;1,221545;-5,419999;Large button (1);0;32,37913;1,221545;32,37913;Large button (2);0;32,28028;1,221545;32,28028;Large button (3);0;32,28028;1,221545;32,28028;-13,84148;2,961607;-3,89571
Out Of The Box;1;2,005036;Red Large button;0;-5,679999;1,221545;-5,679999;Blue Large button;0;-5,419999;1,221545;-5,419999;Large button (1);0;32,37913;1,221545;32,37913;Large button (2);0;32,28028;1,221545;32,28028;Large button (3);0;32,28028;1,221545;32,28028;-13,84148;2,961607;-3,89571
Out Of The Box;1;2,015286;Red Large button;0;-5,679999;1,221545;-5,679999;Blue Large button;0;-5,419999;1,221545;-5,419999;Large button (1);0;32,37913;1,221545;32,37913;Large button (2);0;32,28028;1,221545;32,28028;Large button (3);0;32,28028;1,221545;32,28028;-13,84148;2,961612;-3,89571
Out Of The Box;1;2,025638;Red Large button;0;-5,679999;1,221545;-5,679999;Blue Large button;0;-5,419999;1,221545;-5,419999;Large button (1);0;32,37913;1,221545;32,37913;Large button (2);0;32,28028;1,221545;32,28028;Large button (3);0;32,28028;1,221545;32,28028;-13,84148;2,961612;-3,89571
Out Of The Box;1;2,035899;Red Large button;0;-5,679999;1,221545;-5,679999;Blue Large button;0;-5,419999;1,221545;-5,419999;Large button (1);0;32,37913;1,221545;32,37913;Large button (2);0;32,28028;1,221545;32,28028;Large button (3);0;32,28028;1,221545;32,28028;-13,84148;2,96161;-3,895711
Out Of The Box;1;2,046025;Red Large button;0;-5,679999;1,221545;-5,679999;Blue Large button;0;-5,419999;1,221545;-5,419999;Large button (1);0;32,37913;1,221545;32,37913;Large button (2);0;32,28028;1,221545;32,28028;Large button (3);0;32,28028;1,221545;32,28028;-13,84148;2,96161;-3,895711
Out Of The Box;1;2,056484;Red Large button;0;-5,679999;1,221545;-5,679999;Blue Large button;0;-5,419999;1,221545;-5,419999;Large button (1);0;32,37913;1,221545;32,37913;Large button (2);0;32,28028;1,221545;32,28028;Large button (3);0;32,28028;1,221545;32,28028;-13,84148;2,96161;-3,895711
Out Of The Box;1;2,067083;Red Large button;0;-5,679999;1,221545;-5,679999;Blue Large button;0;-5,419999;1,221545;-5,419999;Large button (1);0;32,37913;1,221545;32,37913;Large button (2);0;32,28028;1,221545;32,28028;Large button (3);0;32,28028;1,221545;32,28028;-13,84148;2,96161;-3,895711
Out Of The Box;1;2,077306;Red Large button;0;-5,679999;1,221545;-5,679999;Blue Large button;0;-5,419999;1,221545;-5,419999;Large button (1);0;32,37913;1,221545;32,37913;Large button (2);0;32,28028;1,221545;32,28028;Large button (3);0;32,28028;1,221545;32,28028;-13,84148;2,96161;-3,895711
Out Of The Box;1;2,092035;Red Large button;0;-5,679999;1,221545;-5,679999;Blue Large button;0;-5,419999;1,221545;-5,419999;Large button (1);0;32,37913;1,221545;32,37913;Large button (2);0;32,28028;1,221545;32,28028;Large button (3);0;32,28028;1,221545;32,28028;-13,84148;2,961608;-3,895711
Out Of The Box;1;2,104615;Red Large button;0;-5,679999;1,221545;-5,679999;Blue Large button;0;-5,419999;1,221545;-5,419999;Large button (1);0;32,37913;1,221545;32,37913;Large button (2);0;32,28028;1,221545;32,28028;Large button (3);0;32,28028;1,221545;32,28028;-13,84148;2,961608;-3,895711
Out Of The Box;1;2,116223;Red Large button;0;-5,679999;1,221545;-5,679999;Blue Large button;0;-5,419999;1,221545;-5,419999;Large button (1);0;32,37913;1,221545;32,37913;Large button (2);0;32,28028;1,221545;32,28028;Large button (3);0;32,28028;1,221545;32,28028;-13,84148;2,961607;-3,895711
Out Of The Box;1;2,131304;Red Large button;0;-5,679999;1,221545;-5,679999;Blue Large button;0;-5,419999;1,221545;-5,419999;Large button (1);0;32,37913;1,221545;32,37913;Large button (2);0;32,28028;1,221545;32,28028;Large button (3);0;32,28028;1,221545;32,28028;-13,84148;2,961611;-3,895711
Out Of The Box;1;2,145939;Red Large button;0;-5,679999;1,221545;-5,679999;Blue Large button;0;-5,419999;1,221545;-5,419999;Large button (1);0;32,37913;1,221545;32,37913;Large button (2);0;32,28028;1,221545;32,28028;Large button (3);0;32,28028;1,221545;32,28028;-13,84148;2,961611;-3,895711
Out Of The Box;1;2,160475;Red Large button;0;-5,679999;1,221545;-5,679999;Blue Large button;0;-5,419999;1,221545;-5,419999;Large button (1);0;32,37913;1,221545;32,37913;Large button (2);0;32,28028;1,221545;32,28028;Large button (3);0;32,28028;1,221545;32,28028;-13,84148;2,961608;-3,895711
